1-z1535-death-note. 160382 | 13.779601202129914 | 221 | 1.9085682931999852 | 3061
2-16498-shingeki-no-kyojin. 146748 | 10.766756616785237 | 158 | 5.958513915010767 | 8744
3-20507-noragami. 143084 | 6.080344413072042 | 87 | 0.7114701853456711 | 1018
4-22319-tokyo-ghoul. 142616 | 9.606215291411903 | 137 | 2.1028496101419196 | 2999
5-z11757-sword-art-online. 142595 | 14.937410147620884 | 213 | 4.108839720887829 | 5859
6-z30276-one-punch-man. 139923 | 8.361741815141185 | 117 | 2.306268447646205 | 3227
7-z19815-no-game-no-life. 137918 | 11.166055192215664 | 154 | 2.3448715903652895 | 3234
8-32281-kimi-no-na-wa. 136969 | 20.66160956128759 | 283 | 2.276427512794866 | 3118
9-z9253-steins-gate. 134864 | 13.939969154110807 | 188 | 2.9755902242258867 | 4013
10-z31240-re-zero-kara-hajimeru-isekai-seikatsu. 128393 | 19.15992304876434 | 246 | 7.170951687397288 | 9207
11-10620-mirai-nikki. 126514 | 14.464802314368372 | 183 | 2.9854403465229145 | 3777
12-z199-sen-to-chihiro-no-kamikakushi. 126455 | 4.507532323751533 | 57 | 0.39144359653631733 | 495
13-z31043-boku-dake-ga-inai-machi. 124839 | 21.067134469196326 | 263 | 2.053044321085558 | 2563
14-y28851-koe-no-katachi. 123024 | 26.336324619586424 | 324 | 2.3068669527897 | 2838
15-z22199-akame-ga-kill. 119663 | 15.627219775536298 | 187 | 2.6599700826487718 | 3183
16-x30831-kono-subarashii-sekai-ni-shukufuku-wo. 117738 | 8.238631537821265 | 97 | 0.9877864410810443 | 1163
17-z5114-fullmetal-alchemist-brotherhood. 115520 | 10.214681440443213 | 118 | 2.351108033240997 | 2716
18-4224-toradora. 115262 | 11.972723013655845 | 138 | 2.197601985042772 | 2533
19-22535-kiseijuu-sei-no-kakuritsu. 114685 | 11.596983040502245 | 133 | 2.1859877054540697 | 2507
20-z9919-ao-no-exorcist. 112430 | 5.069821222093747 | 57 | 0.458952236947434 | 516
21-431-howl-no-ugoku-shiro. 111668 | 5.8208260199878215 | 65 | 0.5355159938388796 | 598
22-31964-boku-no-hero-academia. 111186 | 6.025938517439246 | 67 | 0.9560556185131223 | 1063
23-y6547-angel-beats. 110552 | 16.01056516390477 | 177 | 3.020298140241696 | 3339
24-z13601-psycho-pass. 110199 | 12.795034437699071 | 141 | 1.1016433905933811 | 1214
25-28223-death-parade. 109155 | 14.108377994594841 | 154 | 1.2605927351014612 | 1376
26-z30503-noragami-aragoto. 107690 | 5.292970563654936 | 57 | 0.8060172717986813 | 868
27-1575-code-geass. 107397 | 7.9145599970204 | 85 | 1.3529241971377226 | 1453
28-25777-shingeki-no-kyojin-season-2. 106903 | 6.735077593706444 | 72 | 4.266484570124318 | 4561
29-23283-zankyou-no-terror. 106523 | 21.122198961726575 | 225 | 1.7676933619969397 | 1883
30-23755-nanatsu-no-taizai. 105122 | 7.134567454957097 | 75 | 1.04545195106638 | 1099
31-z20-naruto. 104092 | 3.7466856242554667 | 39 | 1.0740498789532336 | 1118
32-15809-hataraku-maou-sama. 103503 | 7.536013448885539 | 78 | 0.7313797667700453 | 757
33-11111-another. 102846 | 15.36277541178072 | 158 | 1.3427843571942515 | 1381
34-z2001-tengen-toppa-gurren-lagann. 102732 | 12.556944282210022 | 129 | 1.7754935171124868 | 1824
35-27899-tokyo-ghoul-a. 102161 | 11.256741809496775 | 115 | 3.7617094585996615 | 3843
36-29803-overlord. 101156 | 7.80971964095061 | 79 | 2.4101387955237454 | 2438
37-y32937-kono-subarashii-sekai-ni-shukufuku-wo-2. 99020 | 5.554433447788325 | 55 | 1.0856392647949908 | 1075
38-z23273-shigatsu-wa-kimi-no-uso. 98867 | 27.208269695651733 | 269 | 3.280164261078014 | 3243
39-y21881-sword-art-online-ii. 98787 | 8.503143126119834 | 84 | 4.103778837296406 | 4054
40-35849-darling-in-the-franxx. 98672 | 42.6666126155343 | 421 | 24.28348467650397 | 23961
41-33486-boku-no-hero-academia-2nd-season. 98062 | 3.977075727600906 | 39 | 0.7770594113927923 | 762
42-13759-sakura-sou-no-pet-na-kanojo. 97948 | 15.21215338751174 | 149 | 1.2282027198105117 | 1203
43-z226-elfen-lied. 97605 | 11.9870908252651 | 117 | 2.4896265560165975 | 2430
44-28999-charlotte. 96112 | 16.85533544198435 | 162 | 2.7842517063426007 | 2676
45-z6746-durarara. 95425 | 9.955462405030127 | 95 | 0.8498821063662562 | 811
46-z18679-kill-la-kill. 95007 | 10.525540223351964 | 100 | 3.1818708095192987 | 3023
47-z24833-ansatsu-kyoushitsu. 94890 | 6.533881336284118 | 62 | 0.7535040573295394 | 715
48-33352-violet-evergarden. 93919 | 22.892066568000086 | 215 | 3.7425866970474555 | 3515
49-26243-owari-no-seraph. 93669 | 9.608301572558691 | 90 | 1.640884390780301 | 1537
50-28121-dungeon-ni-deai-wo-motomeru-no-wa-machigatteiru-darou-ka. 93191 | 8.799132963483597 | 82 | 1.0655535405779528 | 993
51-z2025-darker-than-black. 92932 | 7.317178151766883 | 68 | 0.7510868161666595 | 698
52-18153-kyoukai-no-kanata. 92914 | 11.731278386464902 | 109 | 1.0493574703489248 | 975
53-z1735-naruto-shippuuden. 92209 | 10.302681950785715 | 95 | 2.390222212582286 | 2204
54-2966-ookami-to-koushinryou. 91738 | 8.61148052061305 | 79 | 1.1336632584098192 | 1040
55-6702-fairy-tail. 91478 | 8.635956186186842 | 79 | 1.805898686022869 | 1652
56-y5081-bakemonogatari. 90652 | 11.803379958522703 | 107 | 4.511759255173631 | 4090
57-31478-bungou-stray-dogs. 90121 | 9.875611677633405 | 89 | 0.6036328935542216 | 544
58-z121-fullmetal-alchemist. 89336 | 5.372973941076387 | 48 | 1.0398943315124922 | 929
59-z32182-mob-psycho-100. 89005 | 6.85354755350823 | 61 | 1.0235380034829504 | 911
60-10793-guilty-crown. 88938 | 17.09055746699948 | 152 | 2.417414378555848 | 2150
61-14813-yahari-ore-no-seishun-love-comedy-wa-machigatteiru. 86301 | 10.428616122640525 | 90 | 1.7554837139778217 | 1515
62-2904-code-geass-hangyaku-no-lelouch-r2. 84561 | 10.524946488333866 | 89 | 1.4663970388240442 | 1240
63-7054-kaichou-wa-maid-sama. 83948 | 10.959165197503218 | 92 | 0.8743507885834088 | 734
64-14741-chuunibyou-demo-koi-ga-shitai. 83343 | 8.758983957860888 | 73 | 0.7007187166288711 | 584
65-z35790-tate-no-yuusha-no-nariagari. 83084 | 23.229502671994606 | 193 | 7.207163834191903 | 5988
66-z4898-kuroshitsuji. 82351 | 8.135906060642858 | 67 | 0.5415841944845843 | 446
67-3588-soul-eater. 82001 | 8.04868233314228 | 66 | 0.49999390251338394 | 410
68-1689-byousoku-5-centimeter. 81861 | 13.681728784158514 | 112 | 1.1116404637128792 | 910
69-z34134-one-punch-man-2nd-season. 81568 | 10.420753236563359 | 85 | 3.1948803452334253 | 2606
70-36456-boku-no-hero-academia-3rd-season. 81247 | 5.1694216401836375 | 42 | 1.6209829286004407 | 1317
71-10408-hotarubi-no-mori-e. 81167 | 15.523550211292768 | 126 | 0.9326450404721129 | 757
72-28171-shokugeki-no-souma. 80608 | 8.68400158793172 | 70 | 1.906758634378722 | 1537
73-30-neon-genesis-evangelion. 79591 | 16.710432084029602 | 133 | 6.589941073739493 | 5245
74-z33674-no-game-no-life-zero. 79167 | 12.252579989136887 | 97 | 1.4753622090012253 | 1168
75-35062-mahoutsukai-no-yome. 78751 | 14.729971682899265 | 116 | 1.3663318561034146 | 1076
76-6880-deadman-wonderland. 78358 | 11.485744914367391 | 90 | 0.760611552106996 | 596
77-z8074-highschool-of-the-dead. 78188 | 11.254924029262803 | 88 | 1.3493119148718473 | 1055
78-35760-shingeki-no-kyojin-season-3. 78044 | 4.612782532930142 | 36 | 5.532776382553432 | 4318
79-z37450-seishun-buta-yarou-wa-bunny-girl-senpai-no-yume-wo-minai. 77878 | 28.12090705976014 | 219 | 3.5440047253396343 | 2760
80-y269-bleach. 77321 | 8.147851165918702 | 63 | 1.9748839254536286 | 1527
81-12189-hyouka. 77312 | 12.158526490066224 | 94 | 1.3723613410596027 | 1061
82-z38000-kimetsu-no-yaiba. 77176 | 19.176946200891468 | 148 | 5.374727894682285 | 4148
83-37520-dororo. 75748 | 12.805618630194857 | 97 | 2.653535406875429 | 2010
84-245-great-teacher-onizuka. 75673 | 8.853884476629709 | 67 | 0.8972817253181452 | 679
85-z523-tonari-no-totoro. 75481 | 3.444575456075039 | 26 | 0.2967634239080033 | 224
86-x16782-kotonoha-no-niwa. 75011 | 12.664809161323006 | 95 | 1.1065043793576943 | 830
87-y28907-gate-jieitai-kanochi-nite-kaku-tatakaeri. 74864 | 6.144475315238299 | 46 | 1.8246420175251121 | 1366
88-2236-toki-wo-kakeru-shoujo. 74829 | 9.621938018682595 | 72 | 0.5920164642050542 | 443
89-11771-kuroko-no-basket. 74797 | 9.492359319224033 | 71 | 0.8115298741928153 | 607
90-34577-nanatsu-no-taizai-imashime-no-fukkatsu. 74047 | 4.456628897862169 | 33 | 0.9210366388915148 | 682
91-164-mononoke-hime. 73739 | 5.695764792036779 | 42 | 0.34445815647079564 | 254
92-z29786-shimoneta-to-iu-gainen-ga-sonzai-shinai-taikutsu-na-sekai. 73241 | 7.782526180691144 | 57 | 1.4991603063857675 | 1098
93-z34599-made-in-abyss. 73113 | 22.431031417121442 | 164 | 2.504342592972522 | 1831
94-z37430-tensei-shitara-slime-datta-ken. 72903 | 18.654925037378433 | 136 | 2.9738145206644444 | 2168
95-z30015-relife. 72860 | 12.352456766401318 | 90 | 1.5632720285479 | 1139
96-32615-youjo-senki. 72313 | 15.211649357653535 | 110 | 2.341211123864312 | 1693
97-11617-high-school-dxd. 72190 | 5.6794569885025625 | 41 | 1.1483584984069815 | 829
98-33206-kobayashi-san-chi-no-maid-dragon. 71646 | 7.676632331183876 | 55 | 0.7997655137760656 | 573
99-z20787-black-bullet. 71375 | 10.928196147110333 | 78 | 0.963922942206655 | 688
100-36511-tokyo-ghoul-re. 71259 | 9.121654808515416 | 65 | 3.487278799870894 | 2485
101-z20785-mahouka-koukou-no-rettousei. 70724 | 12.866919291895254 | 91 | 2.4263333521859622 | 1716
102-34933-kakegurui. 70682 | 13.299001160125632 | 94 | 1.1756882940494044 | 831
103-z30654-ansatsu-kyoushitsu-2nd-season. 70603 | 8.214948373298585 | 58 | 0.6104556463606362 | 431
104-z14713-kamisama-hajimemashita. 70436 | 8.94428985178034 | 63 | 0.5906070759270827 | 416
105-37349-goblin-slayer. 70434 | 18.456995201181247 | 130 | 4.686657012238408 | 3301
106-1-cowboy-bebop. 70379 | 11.224939257448955 | 79 | 1.2688443996078376 | 893
107-16592-danganronpa-kibou-no-gakuen-to-zetsubou-no-koukousei-the-animation. 70194 | 14.388694190386643 | 101 | 1.0684673903752457 | 750
108-z31798-kiznaiver. 70076 | 15.411838575261147 | 108 | 1.4969461727267537 | 1049
109-z31765-sword-art-online-movie-ordinal-scale. 69980 | 14.432695055730209 | 101 | 2.3706773363818234 | 1659
110-10719-boku-wa-tomodachi-ga-sukunai. 69517 | 4.027791763165844 | 28 | 1.0759957995885898 | 748
111-30240-prison-school. 69138 | 10.847869478434436 | 75 | 2.5152593363996645 | 1739
112-z20583-haikyuu. 68576 | 9.041063929071395 | 62 | 0.8414022398506766 | 577
113-14227-tonari-no-kaibutsu-kun. 68345 | 9.803204330967883 | 67 | 1.3344063208720462 | 912
114-14719-jojo-no-kimyou-na-bouken-tv. 68339 | 9.072418384816869 | 62 | 1.987152284932469 | 1358
115-35073-overlord-ii. 67866 | 8.840951286358413 | 60 | 3.574691303450918 | 2426
116-z934-higurashi-no-naku-koro-ni. 66970 | 10.601761982977454 | 71 | 2.0023891294609526 | 1341
117-z17265-log-horizon. 66850 | 7.180254300673148 | 48 | 2.0014958863126404 | 1338
118-z37779-yakusoku-no-neverland. 66727 | 19.931961574774828 | 133 | 2.4982390936202736 | 1667
119-5680-k-on. 66591 | 7.808863059572615 | 52 | 1.4746737547115978 | 982
120-32998-91-days. 66342 | 15.9778119441681 | 106 | 1.1199541768412167 | 743
121-849-suzumiya-haruhi-no-yuuutsu. 66293 | 8.145656404145235 | 54 | 1.3862700435943462 | 919
122-1210-nhk-ni-youkoso. 65599 | 13.567279989024222 | 89 | 1.4863031448650132 | 975
123-z36474-sword-art-online-alicization. 65516 | 13.584467916234201 | 89 | 6.726601135600465 | 4407
124-23847-yahari-ore-no-seishun-love-comedy-wa-machigatteiru-zoku. 65481 | 11.911852293031567 | 78 | 4.476107573189169 | 2931
125-15583-date-a-live. 64034 | 6.71518255926539 | 43 | 0.7761501702220696 | 497
126-154-shaman-king. 63977 | 3.282429623145818 | 21 | 0.5064319989996404 | 324
127-28927-owari-no-seraph-nagoya-kessen-hen. 63846 | 5.481940920339567 | 35 | 0.758074115841243 | 484
128-14467-k. 63816 | 11.125736492415696 | 71 | 0.8649868371568259 | 552
129-z10087-fate-zero. 63755 | 7.528821268920085 | 48 | 2.153556583797349 | 1373
130-37999-kaguya-sama-wa-kokurasetai-tensai-tachi-no-renai-zunousen. 63671 | 17.74748315559674 | 113 | 2.4799359205917924 | 1579
131-y27775-plastic-memories. 63296 | 18.16860465116279 | 115 | 1.9306117290192115 | 1222
132-205-samurai-champloo. 63294 | 9.479571523367143 | 60 | 0.917938509179385 | 581
133-z11061-hunter-x-hunter-2011. 63241 | 17.868155152511818 | 113 | 11.56844452175013 | 7316
134-y14345-btooom. 62898 | 13.990905911157748 | 88 | 1.8919520493497408 | 1190
135-z790-ergo-proxy. 62779 | 13.220981538412527 | 83 | 1.782443173672725 | 1119
136-z32949-kuzu-no-honkai. 62139 | 33.795201081446436 | 210 | 2.764769307520237 | 1718
137-32867-bungou-stray-dogs-2nd-season. 62115 | 7.566610319568542 | 47 | 0.627867664815262 | 390
138-889-black-lagoon. 61958 | 6.29458665547629 | 39 | 0.7424384260305369 | 460
139-9989-ano-hi-mita-hana-no-namae-wo-bokutachi-wa-mada-shiranai. 61831 | 17.143504067538938 | 106 | 1.0350794908702754 | 640
140-z24439-kekkai-sensen. 61812 | 11.001100110011 | 68 | 1.3541059988351776 | 837
141-z13125-shinsekai-yori. 61367 | 20.53220786416152 | 126 | 2.7115550703146645 | 1664
142-22043-fairy-tail-2014. 61217 | 6.0440727248966795 | 37 | 2.8946207752748423 | 1772
143-5341-ookami-to-koushinryou-ii. 61098 | 4.910144358244133 | 30 | 0.8003535303937936 | 489
144-z11633-blood-lad. 61080 | 7.039947609692207 | 43 | 0.49607072691552057 | 303
145-z32542-sakamoto-desu-ga. 61026 | 9.995739520859962 | 61 | 0.8275161406613574 | 505
146-z34572-black-clover. 59843 | 15.373560817472386 | 92 | 3.4974850859749678 | 2093
147-z37510-mob-psycho-100-ii. 59524 | 10.91996505611182 | 65 | 1.7505543982259257 | 1042
148-z30484-steins-gate-0. 59514 | 17.30685216923749 | 103 | 10.110226165272037 | 6017
149-z30296-rakudai-kishi-no-cavalry. 59089 | 11.846536580412598 | 70 | 1.6043595254615919 | 948
150-z33506-ao-no-exorcist-kyoto-fujouou-hen. 58341 | 5.313587357090211 | 31 | 0.6427726641641384 | 375
151-35507-youkoso-jitsuryoku-shijou-shugi-no-kyoushitsu-e-tv. 58304 | 21.953896816684964 | 128 | 1.9484083424807903 | 1136
152-z18897-nisekoi. 58046 | 10.336629569651656 | 60 | 2.1448506357027184 | 1245
153-32282-shokugeki-no-souma-ni-no-sara. 58002 | 4.137788352125789 | 24 | 1.017206303230923 | 590
154-16894-kuroko-no-basket-2nd-season. 57905 | 3.626629824712892 | 21 | 1.0759001813314912 | 623
155-z918-gintama. 57868 | 10.886845925209096 | 63 | 2.870325568535287 | 1661
156-7724-shiki. 57645 | 18.388411831034784 | 106 | 0.9853413132101656 | 568
157-37675-overlord-iii. 57546 | 11.46908560108435 | 66 | 3.260000695096097 | 1876
158-31339-drifters. 57518 | 8.519072290413435 | 49 | 1.2761222573802984 | 734
159-28623-koutetsujou-no-kabaneri. 57299 | 16.579695980732648 | 95 | 3.214715789106267 | 1842
160-z21-one-piece. 57207 | 13.11028370653941 | 75 | 16.658800496442744 | 9530
161-8425-gosick. 57024 | 14.906004489337821 | 85 | 1.1503928170594837 | 656
162-35994-satsuriku-no-tenshi. 56940 | 20.021074815595366 | 114 | 2.3674042852125043 | 1348
163-4654-toaru-majutsu-no-index. 56939 | 5.795676074395406 | 33 | 1.0203902421890092 | 581
164-z28677-yamada-kun-to-7-nin-no-majo-tv. 56650 | 8.120035304501325 | 46 | 1.1862312444836716 | 672
165-31859-hai-to-gensou-no-grimgar. 56483 | 18.412619726289325 | 104 | 2.4255085600977284 | 1370
166-z11577-steins-gate-movie-fuka-ryouiki-no-dej-vu. 56449 | 7.263193324948183 | 41 | 0.868040177859661 | 490
167-z33487-masamune-kun-no-revenge. 56192 | 15.304669703872436 | 86 | 2.0234197038724373 | 1137
168-33926-quanzhi-gaoshou. 56079 | 18.010306888496583 | 101 | 1.6726403823178015 | 938
169-7674-bakuman. 55901 | 9.659934527110428 | 54 | 0.5473962898695909 | 306
170-33-kenpuu-denki-berserk. 55895 | 12.523481527864746 | 70 | 1.8838894355487967 | 1053
171-777-hellsing-ultimate. 55843 | 7.521085901545404 | 42 | 0.9562523503393443 | 534
172-z30307-monster-musume-no-iru-nichijou. 55764 | 4.841833440929633 | 27 | 2.471128326518901 | 1378
173-1482-d-gray-man. 55460 | 9.015506671474936 | 50 | 1.1666065632888567 | 647
174-7311-suzumiya-haruhi-no-shoushitsu. 55412 | 8.120984624269111 | 45 | 1.1766404388941023 | 652
175-32951-rokudenashi-majutsu-koushi-to-akashic-records. 55398 | 11.91378750135384 | 66 | 0.9982309830679807 | 553
176-11499-sankarea. 55177 | 7.974337133225801 | 44 | 0.6343222719611432 | 350
177-270-hellsing. 54524 | 4.951947766121341 | 27 | 0.3429682341721077 | 187
178-z2167-clannad. 54426 | 9.370521441957887 | 51 | 2.2636240032337485 | 1232
179-z1195-zero-no-tsukaima. 54353 | 9.383106728239472 | 51 | 0.6954537927989255 | 378
180-z31637-gate-jieitai-kanochi-nite-kaku-tatakaeri-2nd-season. 54240 | 9.955752212389381 | 54 | 1.4233038348082596 | 772
181-z14513-magi-the-labyrinth-of-magic. 53459 | 5.237658766531361 | 28 | 0.5611777249855029 | 300
182-43-koukaku-kidoutai. 53419 | 3.9311855332372376 | 21 | 0.9210206106441527 | 492
183-z34618-blend-s. 53345 | 8.060736713843847 | 43 | 0.8154466210516449 | 435
184-38524-shingeki-no-kyojin-season-3-part-2. 53166 | 8.087875710040251 | 43 | 5.9549336041831245 | 3166
185-9756-mahou-shoujo-madoka-magica. 53000 | 16.9811320754717 | 90 | 2.9264150943396223 | 1551
186-457-mushishi. 52919 | 9.637370320678773 | 51 | 0.8276800393053535 | 438
187-z14075-zetsuen-no-tempest. 52798 | 17.614303572105005 | 93 | 1.2746694950566309 | 673
188-z28891-haikyuu-second-season. 52753 | 3.7912535779955645 | 20 | 0.7791026102780885 | 411
189-z17895-golden-time. 52709 | 20.300138496271984 | 107 | 3.9329146825020396 | 2073
190-z11013-inu-x-boku-ss. 52618 | 11.02284389372458 | 58 | 0.6233608270933901 | 328
191-7088-ichiban-ushiro-no-daimaou. 52597 | 5.893872274084074 | 31 | 0.26427362777344715 | 139
192-512-majo-no-takkyuubin. 52496 | 3.238341968911917 | 17 | 0.15429747028345017 | 81
193-x28805-bakemono-no-ko. 52480 | 8.765243902439025 | 46 | 0.44969512195121947 | 236
194-z25157-trinity-seven. 52386 | 7.06295575153667 | 37 | 1.1377085480853664 | 596
195-6045-kimi-ni-todoke. 52372 | 11.456503475139387 | 60 | 0.6091041014282441 | 319
196-z16742-watashi-ga-motenai-no-wa-dou-kangaetemo-omaera-ga-warui. 52365 | 17.568986918743438 | 92 | 1.4150673159553138 | 741
197-11843-danshi-koukousei-no-nichijou. 52215 | 11.107919180312171 | 58 | 0.7277602221583835 | 380
198-23289-gekkan-shoujo-nozaki-kun. 52079 | 11.904990495209201 | 62 | 1.6263753144261601 | 847
199-8769-ore-no-imouto-ga-konnani-kawaii-wake-ga-nai. 52068 | 9.41077053084428 | 49 | 1.6862564338941386 | 878
200-9513-beelzebub. 51917 | 6.741529749407708 | 35 | 0.5181347150259068 | 269
201-z32901-eromanga-sensei. 51847 | 15.044264856211544 | 78 | 1.7416629698921826 | 903
202-12445-tasogare-otome-x-amnesia. 51819 | 18.719002682413787 | 97 | 1.6576931241436537 | 859
203-y32995-yuri-on-ice. 51807 | 20.26753141467369 | 105 | 4.3912984731793 | 2275
204-24415-kuroko-no-basket-3rd-season. 51575 | 9.500727096461464 | 49 | 1.3048957828405234 | 673
205-20899-jojo-no-kimyou-na-bouken-part-3-stardust-crusaders. 51331 | 6.818491749624982 | 35 | 1.277980167929711 | 656
206-7791-k-on. 50572 | 2.966068180020565 | 15 | 0.7711777268053469 | 390
207-z25681-kamisama-hajimemashita. 50487 | 2.971061857507873 | 15 | 0.7071127220868738 | 357
208-12477-sakasama-no-patema. 50397 | 10.119649979165425 | 51 | 0.9445006647221066 | 476
209-18277-strike-the-blood. 50283 | 9.347095439810671 | 47 | 0.8889684386373128 | 447
210-5530-pandora-hearts. 50219 | 11.549413568569666 | 58 | 1.1210896274318485 | 563
211-15451-high-school-dxd-new. 50112 | 4.589719029374201 | 23 | 1.654294380587484 | 829
212-z23281-psycho-pass-2. 50063 | 12.983640612827838 | 65 | 1.7218304935780915 | 862
213-37799-tokyo-ghoul-re-2nd-season. 49982 | 19.006842463286784 | 95 | 2.1007562722580126 | 1050
214-x11597-nisemonogatari. 49978 | 6.002641162111329 | 30 | 0.9224058585777742 | 461
215-12355-ookami-kodomo-no-ame-to-yuki. 49957 | 9.207918810176752 | 46 | 0.5264527493644535 | 263
216-28497-rokka-no-yuusha. 49869 | 14.638352483506788 | 73 | 2.3000260682989433 | 1147
217-x11887-kokoro-connect. 49807 | 14.455799385628527 | 72 | 1.0420222057140562 | 519
218-z34566-boruto-naruto-next-generations. 49576 | 19.162497982894948 | 95 | 4.978215265451025 | 2468
219-z21603-mekakucity-actors. 49477 | 17.381813772055704 | 86 | 4.1999312812013665 | 2078
220-z356-fate-stay-night. 49332 | 9.12186815859888 | 45 | 2.7973729019703235 | 1380
221-35788-shokugeki-no-souma-san-no-sara. 49077 | 3.2601829777696274 | 16 | 1.4528190394685903 | 713
222-34542-inuyashiki. 48815 | 21.100071699272764 | 103 | 1.7986274710642223 | 878
223-z28725-kokoro-ga-sakebitagatterunda. 48798 | 20.082790278290094 | 98 | 0.8258535185868273 | 403
224-25781-shingeki-no-kyojin-kuinaki-sentaku. 48638 | 3.084008388502817 | 15 | 0.5982976273695465 | 291
225-22789-barakamon. 48389 | 14.466097666825105 | 70 | 1.36394635144351 | 660
226-z38691-dr-stone. 48090 | 8.941567893532959 | 43 | 2.6242462050322315 | 1262
227-x17074-monogatari-series-second-season. 48059 | 3.537318712415989 | 17 | 3.539399488129175 | 1701
228-4081-natsume-yuujinchou. 48025 | 7.704320666319624 | 37 | 0.6496616345653305 | 312
229-z28825-himouto-umaru-chan. 47761 | 8.793785724754507 | 42 | 0.5925336571679822 | 283
230-23233-shinmai-maou-no-testament. 47605 | 6.09179708013864 | 29 | 0.8402478731225712 | 400
231-33255-saiki-kusuo-no-nan. 47597 | 9.87457192680211 | 47 | 0.9013173099144903 | 429
232-z15315-mondaiji-tachi-ga-isekai-kara-kuru-sou-desu-yo. 47542 | 9.67565521012999 | 46 | 0.7761558201169493 | 369
233-35851-sayonara-no-asa-ni-yakusoku-no-hana-wo-kazarou. 47466 | 37.71120380904226 | 179 | 1.723338810938356 | 818
234-31933-jojo-no-kimyou-na-bouken-part-4-diamond-wa-kudakenai. 47329 | 9.296625747427582 | 44 | 3.9996619408819116 | 1893
235-1818-claymore. 47301 | 14.37601742035052 | 68 | 1.156423754254667 | 547
236-31404-netoge-no-yome-wa-onnanoko-ja-nai-to-omotta. 47270 | 6.981171990691771 | 33 | 0.8715887455045485 | 412
237-z11741-fate-zero-2nd-season. 47051 | 9.77662536396676 | 46 | 1.6769037852542985 | 789
238-35968-wotaku-ni-koi-wa-muzukashii. 47029 | 12.54545067936805 | 59 | 0.7314635650343405 | 344
239-z30544-gakusen-toshi-asterisk. 47007 | 7.232965303039972 | 34 | 1.048779968940796 | 493
240-26055-jojo-no-kimyou-na-bouken-part-3-stardust-crusaders-2nd-season. 46954 | 8.093027218128382 | 38 | 1.220343314733569 | 573
241-31580-ajin. 46604 | 10.72869281606729 | 50 | 1.5535147197665438 | 724
242-37210-isekai-maou-to-shoukan-shoujo-no-dorei-majutsu. 46566 | 15.247176051196151 | 71 | 2.0401151054417386 | 950
243-25183-gangsta. 46552 | 4.940711462450593 | 23 | 3.340350575700292 | 1555
244-33502-shuumatsu-nani-shitemasu-ka-isogashii-desu-ka-sukutte-moratte-ii-desu-ka. 46233 | 16.438474682586033 | 76 | 2.777237038479009 | 1284
245-z32935-haikyuu-karasuno-koukou-vs-shiratorizawa-gakuen-koukou. 46202 | 6.709666248214363 | 31 | 0.9783126271589974 | 452
246-z9260-kizumonogatari-i-tekketsu-hen. 45849 | 5.234574363672054 | 24 | 1.9193439333464197 | 880
247-z17729-grisaia-no-kajitsu. 45827 | 13.092718266524102 | 60 | 2.7407423571257117 | 1256
248-18671-chuunibyou-demo-koi-ga-shitai-ren. 45786 | 7.425850696719522 | 34 | 0.7797143231555498 | 357
249-14289-sukitte-ii-na-yo. 45758 | 15.953494470912192 | 73 | 1.121115433366843 | 513
250-32-neon-genesis-evangelion-the-end-of-evangelion. 45682 | 6.129328838492185 | 28 | 1.6811873385578564 | 768
251-z22297-fate-stay-night-unlimited-blade-works. 45665 | 4.379721887660134 | 20 | 5.24033723858535 | 2393
252-37105-grand-blue. 45440 | 14.964788732394366 | 68 | 1.3204225352112675 | 600
253-31442-musaigen-no-phantom-world. 45346 | 7.938958232258633 | 36 | 2.697040532792308 | 1223
254-10162-usagi-drop. 45339 | 13.01307924744701 | 59 | 1.5725975429541894 | 713
255-227-flcl. 45336 | 12.352214575613198 | 56 | 1.5903476266101995 | 721
256-6-trigun. 45109 | 7.315613292247666 | 33 | 0.727127624199162 | 328
257-11759-accel-world. 45087 | 8.64994344267749 | 39 | 1.5303746090890944 | 690
258-7593-kiss-x-sis-tv. 44875 | 4.9025069637883005 | 22 | 1.5086350974930363 | 677
259-z25013-akatsuki-no-yona. 44703 | 18.790685188913496 | 84 | 4.572400062635618 | 2044
260-z16870-the-last-naruto-the-movie. 44549 | 8.529933331836855 | 38 | 1.7710835260050732 | 789
261-24703-high-school-dxd-born. 44392 | 3.829518832222022 | 17 | 1.6354298071724636 | 726
262-853-ouran-koukou-host-club. 44180 | 9.95925758261657 | 44 | 0.5794477138976912 | 256
263-z12413-jormungand. 44079 | 5.898500419700991 | 26 | 0.7282379364323147 | 321
264-z2251-baccano. 43801 | 14.154927969681058 | 62 | 1.0273738042510445 | 450
265-34561-re-creators. 43776 | 15.990497076023392 | 70 | 2.007949561403509 | 879
266-23277-saenai-heroine-no-sodatekata. 43775 | 10.736721873215306 | 47 | 1.6127926898914906 | 706
267-z20853-hitsugi-no-chaika. 43354 | 5.305162153434516 | 23 | 0.6135535360059049 | 266
268-19-monster. 43340 | 12.22888786340563 | 53 | 3.4148592524227044 | 1480
269-12549-dakara-boku-wa-h-ga-dekinai. 43271 | 7.8574564951122 | 34 | 0.6193524531441381 | 268
270-339-serial-experiments-lain. 43094 | 14.387153664083169 | 62 | 2.7544437740752774 | 1187
271-14967-boku-wa-tomodachi-ga-sukunai-next. 42896 | 10.72361059306229 | 46 | 1.636516225289071 | 702
272-y31636-dagashi-kashi. 42738 | 7.25349805793439 | 31 | 1.1090832514390006 | 474
273-z32105-sousei-no-onmyouji. 42687 | 14.524328249818446 | 62 | 1.836624733525429 | 784
274-z6707-kuroshitsuji-ii. 42524 | 6.584516978647351 | 28 | 0.47972909415859283 | 204
275-z15689-nekomonogatari-kuro. 42440 | 3.770028275212064 | 16 | 1.279453345900094 | 543
276-37991-jojo-no-kimyou-na-bouken-part-5-ougon-no-kaze. 42348 | 12.043071691697365 | 51 | 11.90374988193067 | 5041
277-22145-kuroshitsuji-book-of-circus. 42193 | 9.71725167681843 | 41 | 0.9575047993743038 | 404
278-z21843-shingeki-no-bahamut-genesis. 41852 | 8.840676670171078 | 37 | 1.7418522412310047 | 729
279-2993-rosario-to-vampire. 41817 | 4.304469474137313 | 18 | 0.5858861228686898 | 245
280-36038-net-juu-no-susume. 41760 | 17.480842911877396 | 73 | 0.8524904214559388 | 356
281-z32093-tanaka-kun-wa-itsumo-kedaruge. 41625 | 12.012012012012011 | 50 | 1.1531531531531531 | 480
282-z36475-sword-art-online-alternative-gun-gale-online. 41393 | 13.04568405285918 | 54 | 1.790157756142343 | 741
283-2034-lovely-complex. 41256 | 13.573783207291061 | 56 | 0.9235020360674812 | 381
284-z35203-isekai-wa-smartphone-to-tomo-ni. 41178 | 23.799116032833066 | 98 | 1.7800767400067998 | 733
285-35120-devilman-crybaby. 41163 | 29.395330758205183 | 121 | 2.0212326603989017 | 832
286-10161-no-6. 41050 | 14.372716199756395 | 59 | 0.8599269183922046 | 353
287-y14833-maoyuu-maou-yuusha. 41013 | 9.753005144710214 | 40 | 1.1532928583619828 | 473
288-37521-vinland-saga. 40982 | 8.784344346298376 | 36 | 6.178322190229856 | 2532
289-z8841-kore-wa-zombie-desu-ka. 40973 | 6.101579088668148 | 25 | 0.43199179947770483 | 177
290-z4181-clannad-after-story. 40959 | 24.170511975390024 | 99 | 3.5425669572011036 | 1451
291-z1889-higurashi-no-naku-koro-ni-kai. 40926 | 5.61989933049895 | 23 | 0.6988222645750868 | 286
292-18507-free. 40911 | 11.977218840898535 | 49 | 2.290337562024883 | 937
293-z23199-durarara-x2-shou. 40884 | 5.625672634771548 | 23 | 1.8980530280794443 | 776
294-z6573-darker-than-black-ryuusei-no-gemini. 40872 | 7.095321980818164 | 29 | 0.7021922098257977 | 287
295-36949-shokugeki-no-souma-san-no-sara-tootsuki-ressha-hen. 40810 | 4.655721636853713 | 19 | 0.9311443273707424 | 380
296-z31758-kizumonogatari-iii-reiketsu-hen. 40501 | 6.419594577911656 | 26 | 1.4295943310041728 | 579
297-z18115-magi-the-kingdom-of-magic. 40288 | 6.453534551231136 | 26 | 0.6999602859412232 | 282
298-34497-death-march-kara-hajimaru-isekai-kyousoukyoku. 40059 | 18.72238448288774 | 75 | 2.144337102773409 | 859
299-10110-mayo-chiki. 40018 | 8.496176720475786 | 34 | 1.0220400819631166 | 409
300-33489-little-witch-academia-tv. 40006 | 13.7479378093286 | 55 | 1.8772184172374144 | 751
301-y27631-god-eater. 39927 | 9.517369198787787 | 38 | 2.0086658151125802 | 802
302-6114-rainbow-nisha-rokubou-no-shichinin. 39866 | 16.80630110871419 | 67 | 1.693172126624191 | 675
303-z36098-kimi-no-suizou-wo-tabetai. 39788 | 27.646526590931938 | 110 | 2.473107469588821 | 984
304-8861-yosuga-no-sora-in-solitude-where-we-are-least-alone. 39637 | 17.40797739485834 | 69 | 4.06438428740823 | 1611
305-z22147-amagi-brilliant-park. 39625 | 11.104100946372238 | 44 | 1.1533123028391168 | 457
306-25397-absolute-duo. 39601 | 11.615868286154392 | 46 | 0.8636145551880003 | 342
307-19221-ore-no-nounai-sentakushi-ga-gakuen-love-comedy-wo-zenryoku-de-jama-shiteiru. 39298 | 7.888442159906357 | 31 | 0.707415135630312 | 278
308-z28701-fate-stay-night-unlimited-blade-works-2nd-season. 39294 | 10.688654756451365 | 42 | 3.9217183284979895 | 1541
309-35557-houseki-no-kuni-tv. 39242 | 13.76076652566128 | 54 | 1.049895520106009 | 412
310-1604-katekyo-hitman-reborn. 39234 | 10.70500076464291 | 42 | 1.5496763011673549 | 608
311-15225-hentai-ouji-to-warawanai-neko. 39213 | 11.98582102874047 | 47 | 0.9920179532297962 | 389
312-1726-devil-may-cry. 39164 | 6.894086405882954 | 27 | 0.4774793177407824 | 187
313-z31757-kizumonogatari-ii-nekketsu-hen. 39074 | 5.11849311562676 | 20 | 0.8752623227721759 | 342
314-z37141-hataraku-saibou-tv. 38987 | 13.081283504757996 | 51 | 1.095236873829738 | 427
315-16662-kaze-tachinu. 38941 | 7.96076115148558 | 31 | 0.6497008294599522 | 253
316-30123-akagami-no-shirayuki-hime. 38937 | 13.098081516295554 | 51 | 1.687341089452192 | 657
317-z28755-boruto-naruto-the-movie. 38924 | 5.6520398725721925 | 22 | 1.0019525228650703 | 390
318-28675-kyoukai-no-kanata-movie-2-i-ll-be-here-mirai-hen. 38878 | 6.944801687329595 | 27 | 0.5170019033900921 | 201
319-5630-higashi-no-eden. 38703 | 8.009715009172416 | 31 | 0.7157067927550836 | 277
320-z22729-aldnoah-zero. 38606 | 15.80065274827747 | 61 | 5.460291146453919 | 2108
321-x1519-black-lagoon-the-second-barrage. 38554 | 5.187529179851636 | 20 | 0.5939720910930124 | 229
322-16011-tokyo-ravens. 38389 | 10.419651462658575 | 40 | 0.8257573784156921 | 317
323-37982-domestic-na-kanojo. 38315 | 32.62429857758058 | 125 | 3.1475923267649746 | 1206
324-2759-evangelion-1-0-you-are-not-alone. 38279 | 3.918597664515792 | 15 | 0.7993939235612215 | 306
325-32729-orange. 38265 | 21.690840193388212 | 83 | 1.4687050829739972 | 562
326-z21995-ao-haru-ride. 38221 | 14.651631302163732 | 56 | 0.9837523874309935 | 376
327-35972-fairy-tail-final-series. 38184 | 7.856693903205532 | 30 | 3.614079195474544 | 1380
328-z31181-owarimonogatari. 38181 | 5.762028233938346 | 22 | 1.5321756894790604 | 585
329-36896-boku-no-hero-academia-the-movie-1-futari-no-hero. 38129 | 4.458548611293241 | 17 | 0.9494085866400902 | 362
330-z33731-gabriel-dropout. 38098 | 11.811643655834953 | 45 | 0.9186833954538296 | 350
331-6594-katanagatari. 38021 | 15.25472765050893 | 58 | 1.0888719391914996 | 414
332-3784-evangelion-2-0-you-can-not-advance. 37981 | 5.265790790131908 | 20 | 0.6503251625812907 | 247
333-4382-suzumiya-haruhi-no-yuuutsu-2009. 37921 | 6.856359273225918 | 26 | 1.1392104638590754 | 432
334-z3455-to-love-ru. 37869 | 6.337637645567615 | 24 | 1.1038052232696929 | 418
335-16067-nagi-no-asu-kara. 37744 | 23.8448495125053 | 90 | 1.3300127172530734 | 502
336-37086-kakegurui. 37724 | 10.073162973173577 | 38 | 1.3227653483193724 | 499
337-z23321-log-horizon-2nd-season. 37190 | 9.680021511158913 | 36 | 1.8741597203549343 | 697
338-34902-tsurezure-children. 37178 | 13.179837538329119 | 49 | 0.6294044865242886 | 234
339-34176-zero-kara-hajimeru-mahou-no-sho. 36835 | 9.773313424731912 | 36 | 1.3275417401927514 | 489
340-34382-citrus. 36633 | 21.019299538667322 | 77 | 3.1692736057652935 | 1161
341-23673-ookami-shoujo-to-kuro-ouji. 36600 | 18.0327868852459 | 66 | 1.0437158469945356 | 382
342-38671-enen-no-shouboutai. 36421 | 5.765904285988853 | 21 | 3.421103209686719 | 1246
343-19163-date-a-live-ii. 36374 | 4.398746357288172 | 16 | 0.5993291911805135 | 218
344-20541-mikakunin-de-shinkoukei. 36325 | 11.56228492773572 | 42 | 0.8891947694425327 | 323
345-31229-servamp. 36241 | 8.829778427747579 | 32 | 1.1478711956071852 | 416
346-14353-death-billiards. 36225 | 5.244996549344375 | 19 | 0.4554865424430642 | 165
347-37347-dungeon-ni-deai-wo-motomeru-no-wa-machigatteiru-darou-ka-ii. 36057 | 6.378789139418143 | 23 | 1.5392295532074216 | 555
348-33475-busou-shoujo-machiavellianism. 35941 | 10.572883336579393 | 38 | 1.327175092512729 | 477
349-34451-kekkai-sensen-beyond. 35898 | 6.964176277229929 | 25 | 0.682489275168533 | 245
350-z8525-kami-nomi-zo-shiru-sekai. 35898 | 6.685609226140732 | 24 | 0.682489275168533 | 245
351-y31163-dimension-w. 35803 | 6.982655084769433 | 25 | 1.0278468284780604 | 368
352-y32887-dungeon-ni-deai-wo-motomeru-no-wa-machigatteiru-darou-ka-gaiden-sword-oratoria. 35755 | 7.551391413788282 | 27 | 1.0432107397566774 | 373
353-z21339-psycho-pass-movie. 35422 | 8.187002427869686 | 29 | 1.377674891310485 | 488
354-36649-banana-fish. 35336 | 23.205795788997058 | 82 | 8.458795562599049 | 2989
355-z28297-ore-monogatari. 35306 | 11.046281085367927 | 39 | 5.18042259106101 | 1829
356-7817-b-gata-h-kei. 35292 | 8.783860364955231 | 31 | 0.8245494729683781 | 291
357-2890-gake-no-ue-no-ponyo. 35290 | 5.667327854916407 | 20 | 0.1586851799376594 | 56
358-71-full-metal-panic. 35287 | 8.501714512426673 | 30 | 0.7396491625811206 | 261
359-877-nana. 35041 | 16.837419023429696 | 59 | 2.9879284267001514 | 1047
360-z31737-gakusen-toshi-asterisk-2nd-season. 35017 | 7.9961161721449585 | 28 | 1.0880429505668676 | 381
361-2593-kara-no-kyoukai-1-fukan-fuukei. 34992 | 9.430727023319616 | 33 | 1.3688843164151805 | 479
362-z30187-sakurako-san-no-ashimoto-ni-wa-shitai-ga-umatteiru. 34926 | 11.166466242913588 | 39 | 1.8811200824600582 | 657
363-30911-tales-of-zestiria-the-cross. 34878 | 8.027983255920638 | 28 | 3.0707035953896438 | 1071
364-y29095-grisaia-no-rakuen. 34842 | 6.888238333046323 | 24 | 1.7679811721485563 | 616
365-z21405-bokura-wa-minna-kawai-sou. 34776 | 12.36484932137106 | 43 | 0.7677708764665286 | 267
366-z21431-gokukoku-no-brynhildr. 34731 | 13.532578964037892 | 47 | 1.6469436526446113 | 572
367-32902-mahoutsukai-no-yome-hoshi-matsu-hito. 34422 | 4.357678229039568 | 15 | 0.8628202893498345 | 297
368-36407-kenja-no-mago. 34409 | 22.087244616234127 | 76 | 2.1535063500828273 | 741
369-13161-hagure-yuusha-no-aesthetica. 34375 | 4.363636363636363 | 15 | 0.736 | 253
370-z23317-kuroshitsuji-book-of-murder. 34280 | 5.542590431738623 | 19 | 0.9014002333722287 | 309
371-38003-bungou-stray-dogs-3rd-season. 34265 | 7.004231723332847 | 24 | 1.619728586020721 | 555
372-z22101-soredemo-sekai-wa-utsukushii. 34214 | 15.198456772081604 | 52 | 1.3123282866662769 | 449
373-34612-saiki-kusuo-no-nan-2. 34201 | 5.847782228589807 | 20 | 1.1987953568609104 | 410
374-1943-paprika. 34136 | 9.374267635340988 | 32 | 0.5976095617529881 | 204
375-8675-seitokai-yakuindomo. 34001 | 6.4703979294726635 | 22 | 0.7176259521778772 | 244
376-y10568-kamisama-no-memochou. 33946 | 7.070052436222236 | 24 | 1.3668768043362989 | 464
377-z27787-nisekoi. 33925 | 7.663964627855563 | 26 | 1.7273397199705232 | 586
378-12365-bakuman-3rd-season. 33898 | 12.980116821051391 | 44 | 0.7994571951147561 | 271
379-z20689-hamatora-the-animation. 33736 | 9.188996917239743 | 31 | 0.9040787289542329 | 305
380-z34662-fate-apocrypha. 33679 | 21.08138602690104 | 71 | 5.101101576650138 | 1718
381-y33988-demi-chan-wa-kataritai. 33646 | 7.13309160078464 | 24 | 0.8738037210961185 | 294
382-467-koukaku-kidoutai-stand-alone-complex. 33622 | 5.353637499256439 | 18 | 1.2015941942775563 | 404
383-z27833-durarara-x2-ketsu. 33536 | 5.963740458015267 | 20 | 1.025763358778626 | 344
384-z9041-is-infinite-stratos. 33415 | 4.7882687415831215 | 16 | 0.34714948376477633 | 116
385-37208-mo-dao-zu-shi. 33377 | 22.470563561734128 | 75 | 1.8246097612128112 | 609
386-x578-hotaru-no-haka. 33156 | 12.968995053685608 | 43 | 0.8806852455060923 | 292
387-z31812-kuroshitsuji-movie-book-of-the-atlantic. 33131 | 9.960459992152364 | 33 | 1.1016872415562464 | 365
388-37497-irozuku-sekai-no-ashita-kara. 33099 | 20.544427324088343 | 68 | 1.1178585455753949 | 370
389-34280-gamers. 33064 | 22.98572465521413 | 76 | 1.3488991047665135 | 446
390-y30016-nanbaka. 32963 | 8.49437247823317 | 28 | 0.7857294542365683 | 259
391-21855-hanamonogatari. 32856 | 3.347942537131726 | 11 | 1.284392500608717 | 422
392-z35466-relife-kanketsu-hen. 32740 | 11.301160659743434 | 37 | 0.8643860720830789 | 283
393-38759-sewayaki-kitsune-no-senko-san. 32496 | 14.46331856228459 | 47 | 1.6340472673559825 | 531
394-y17549-non-non-biyori. 32492 | 8.001969715622307 | 26 | 1.0771882309491567 | 350
395-z13667-naruto-shippuuden-movie-6-road-to-ninja. 32489 | 5.2325402443904085 | 17 | 0.39397950075410143 | 128
396-z10798-un-go. 32470 | 8.623344625808437 | 28 | 0.32953495534339394 | 107
397-47-akira. 32436 | 13.873473917869035 | 45 | 1.6309039339006044 | 529
398-z14749-ore-no-kanojo-to-osananajimi-ga-shuraba-sugiru. 32411 | 8.021967850421154 | 26 | 1.0767949153065317 | 349
399-1887-lucky-star. 32331 | 7.423216108378956 | 24 | 0.7856237048034395 | 254
400-10165-nichijou. 32165 | 9.016011192289756 | 29 | 0.9637805067620084 | 310
401-13659-ore-no-imouto-ga-konnani-kawaii-wake-ga-nai. 31939 | 9.706002066439149 | 31 | 4.0358182785935695 | 1289
402-28249-arslan-senki-tv. 31674 | 9.471490812653911 | 30 | 2.367872703163478 | 750
403-13535-binbougami-ga. 31641 | 5.6888214658196645 | 18 | 0.6889794886381594 | 218
404-z32962-occultic-nine. 31442 | 11.131607404109152 | 35 | 1.5011767699255771 | 472
405-32189-danganronpa-3-the-end-of-kibougamine-gakuen-mirai-hen. 31408 | 7.641365257259297 | 24 | 1.95491594498217 | 614
406-z5958-sora-no-otoshimono. 31402 | 8.279727405897713 | 26 | 0.5859499394942997 | 184
407-z433-kumo-no-mukou-yakusoku-no-basho. 31336 | 9.254531529231555 | 29 | 0.6861118202706152 | 215
408-228-jigoku-shoujo. 31293 | 10.225929121528777 | 32 | 0.5624261016840827 | 176
409-437-perfect-blue. 31262 | 18.23299852856503 | 57 | 0.9084511547565735 | 284
410-30749-saijaku-muhai-no-bahamut. 31232 | 7.364241803278688 | 23 | 1.2038934426229508 | 376
411-34281-high-school-dxd-hero. 31051 | 10.949727867057423 | 34 | 3.7293484911919097 | 1158
412-z32262-renai-boukun. 31012 | 9.351218883013027 | 29 | 1.1705146394943893 | 363
413-15051-love-live-school-idol-project. 30881 | 11.010006152650496 | 34 | 1.6903597681422233 | 522
414-585-mimi-wo-sumaseba. 30823 | 5.515361905070889 | 17 | 0.3211887227070694 | 99
415-2605-sayonara-zetsubou-sensei. 30752 | 8.454734651404786 | 26 | 0.7674297606659729 | 236
416-3785-evangelion-3-0-you-can-not-redo. 30716 | 9.115770282588878 | 28 | 2.0054694621695535 | 616
417-11319-zero-no-tsukaima-f. 30598 | 9.804562389698674 | 30 | 0.6699784299627426 | 205
418-z34934-koi-to-uso. 30544 | 28.15610267155579 | 86 | 1.7286537454164486 | 528
419-10163-c-the-money-of-soul-and-possibility-control. 30356 | 11.85926999604691 | 36 | 0.7444986164185005 | 226
420-202-wolf-s-rain. 30349 | 12.850505782727602 | 39 | 0.9654354344459455 | 293
421-32827-b-the-beginning. 30227 | 20.84229331392464 | 63 | 1.237304396731399 | 374
422-36266-mahou-shoujo-site. 30122 | 27.22262797954983 | 82 | 1.9188632892902198 | 578
423-37976-zombieland-saga. 30017 | 14.99150481393877 | 45 | 1.3825498883965754 | 415
424-34881-aho-girl. 29976 | 13.677608753669602 | 41 | 1.0942087002935683 | 328
425-5682-phantom-requiem-for-the-phantom. 29932 | 13.0295336095149 | 39 | 1.8475210477081383 | 553
426-x3702-detroit-metal-city. 29884 | 10.708071208673537 | 32 | 1.2983536340516664 | 388
427-572-kaze-no-tani-no-nausicaa. 29857 | 6.028736979602773 | 18 | 0.8808654586864051 | 263
428-9760-hoshi-wo-ou-kodomo. 29777 | 8.731571347012794 | 26 | 0.2988884038015918 | 89
429-z430-fullmetal-alchemist-the-conqueror-of-shamballa. 29741 | 5.04354258431122 | 15 | 0.3866715981305269 | 115
430-30736-shingeki-no-bahamut-virgin-soul. 29733 | 20.852251706857704 | 62 | 2.115494568324757 | 629
431-z34403-hajimete-no-gal. 29669 | 14.156189962587211 | 42 | 1.2909097037311672 | 383
432-38101-5-toubun-no-hanayome. 29602 | 13.512600499966219 | 40 | 4.465914465238835 | 1322
433-20031-d-frag. 29586 | 8.787940242006353 | 26 | 0.8382343000067599 | 248
434-2476-school-days. 29563 | 37.546933667083856 | 111 | 5.209214220478301 | 1540
435-3457-vampire-knight. 29513 | 8.47084335716464 | 25 | 0.9182394199166469 | 271
436-36882-arifureta-shokugyou-de-sekai-saikyou. 29299 | 33.44824055428513 | 98 | 5.546264377623809 | 1625
437-6213-toaru-kagaku-no-railgun. 29283 | 5.122425980944575 | 15 | 0.5054126967865314 | 148
438-35860-karakai-jouzu-no-takagi-san. 29222 | 10.608445691602219 | 31 | 0.9787146670316885 | 286
439-4896-umineko-no-naku-koro-ni. 29180 | 14.05071967100754 | 41 | 1.9910897875257028 | 581
440-1691-kaze-no-stigma. 29079 | 8.253378726916331 | 24 | 0.8253378726916332 | 240
441-27991-k-return-of-kings. 29042 | 8.952551477170994 | 26 | 1.3979753460505475 | 406
442-31953-new-game. 29028 | 7.234394377842084 | 21 | 0.9129116714895963 | 265
443-31658-kuroko-no-basket-movie-4-last-game. 28981 | 11.041716986991478 | 32 | 1.1248749180497568 | 326
444-z25835-shirobako. 28931 | 14.862949777055753 | 43 | 1.4690124779648128 | 425
445-z35247-owarimonogatari-2nd-season. 28852 | 9.011507001247747 | 26 | 3.431304588936642 | 990
446-34944-bungou-stray-dogs-dead-apple. 28839 | 19.41814903429384 | 56 | 1.1200110960851626 | 323
447-33161-yahari-ore-no-seishun-love-comedy-wa-machigatteiru-zoku-ova. 28778 | 2.7799013135033706 | 8 | 2.2308708040864547 | 642
448-26349-danna-ga-nani-wo-itteiru-ka-wakaranai-ken. 28777 | 7.644994266254301 | 22 | 0.48649963512527367 | 140
449-35076-juuni-taisen. 28776 | 19.1131498470948 | 55 | 1.6402557686961357 | 472
450-34636-ballroom-e-youkoso. 28758 | 23.64559426942068 | 68 | 2.267195215244454 | 652
451-2418-stranger-mukou-hadan. 28723 | 7.311214009678655 | 21 | 0.34118998711833726 | 98
452-32899-watashi-ga-motete-dousunda. 28695 | 17.424638438752396 | 50 | 1.5891270256142187 | 456
453-34798-yuru-camp. 28690 | 11.850819100731963 | 34 | 0.9271523178807948 | 266
454-6347-baka-to-test-to-shoukanjuu. 28640 | 7.681564245810056 | 22 | 0.7053072625698324 | 202
455-z17513-diabolik-lovers. 28591 | 45.818614249239275 | 131 | 2.990451540694624 | 855
456-34822-tsuki-ga-kirei. 28396 | 27.116495281025497 | 77 | 1.2431328356106492 | 353
457-22877-seireitsukai-no-blade-dance. 28384 | 9.512401352874859 | 27 | 1.0252254791431792 | 291
458-31646-3-gatsu-no-lion. 28356 | 11.990407673860911 | 34 | 1.9607843137254901 | 556
459-861-xxxholic. 28232 | 9.209407764239161 | 26 | 0.6765372626806461 | 191
460-57-beck. 28139 | 15.992039518106541 | 45 | 1.318454813603895 | 371
461-z36296-hinamatsuri. 28124 | 16.711705305077516 | 47 | 0.9031432228701465 | 254
462-z39597-sword-art-online-alicization-war-of-underworld. 28094 | 7.118957784580338 | 20 | 5.591941339787855 | 1571
463-38826-tenki-no-ko. 28071 | 30.636600049873536 | 86 | 2.180185957037512 | 612
464-18677-yuusha-ni-narenakatta-ore-wa-shibushibu-shuushoku-wo-ketsui-shimashita. 28054 | 6.059741926285021 | 17 | 0.6416197333713552 | 180
465-11285-black-rock-shooter. 28042 | 10.34163041152557 | 29 | 0.4956850438627773 | 139
466-6956-working. 28008 | 7.854898600399886 | 22 | 0.4998571836618109 | 140
467-24765-gakkougurashi. 27997 | 18.5734185805622 | 52 | 1.8609136693217132 | 521
468-z12531-sakamichi-no-apollon. 27991 | 20.720946018363044 | 58 | 1.1646600693079918 | 326
469-34279-grancrest-senki. 27899 | 20.072404028818237 | 56 | 1.8280225097673752 | 510
470-z35928-devils-line. 27871 | 14.71063112195472 | 41 | 1.062035807828926 | 296
471-33028-danganronpa-3-the-end-of-kibougamine-gakuen-zetsubou-hen. 27833 | 7.904286278877592 | 22 | 1.3185786656127618 | 367
472-32648-handa-kun. 27743 | 11.534441120282592 | 32 | 0.8506650326208414 | 236
473-37569-sirius. 27603 | 12.317501720827446 | 34 | 1.1484258957359708 | 317
474-7785-yojouhan-shinwa-taikei. 27581 | 13.052463652514412 | 36 | 0.9716834052427397 | 268
475-34437-code-geass-fukkatsu-no-lelouch. 27551 | 14.518529272984646 | 40 | 7.4770425755870935 | 2060
476-8937-toaru-majutsu-no-index-ii. 27483 | 6.549503329330859 | 18 | 0.935123530910017 | 257
477-150-blood. 27470 | 11.285038223516564 | 31 | 0.673461958500182 | 185
478-8086-densetsu-no-yuusha-no-densetsu. 27443 | 14.940057573880406 | 41 | 1.2535072696133804 | 344
479-38472-isekai-quartet. 27419 | 4.011816623509246 | 11 | 2.4216783981910353 | 664
480-6500-seikon-no-qwaser. 27387 | 7.302734874210392 | 20 | 1.7453536349362837 | 478
481-24133-taimadou-gakuen-35-shiken-shoutai. 27153 | 9.943652635067949 | 27 | 0.8544175597539866 | 232
482-z387-haibane-renmei. 27150 | 13.627992633517495 | 37 | 3.395948434622468 | 922
483-16524-suisei-no-gargantia. 27125 | 14.377880184331797 | 39 | 1.1539170506912442 | 313
484-31338-hundred. 26865 | 10.050251256281408 | 27 | 1.1539177368323097 | 310
485-35838-shoujo-shuumatsu-ryokou. 26802 | 19.774643683307218 | 53 | 1.4663084844414596 | 393
486-z36563-megalo-box. 26786 | 14.933174046143508 | 40 | 1.5306503397297095 | 410
487-z19369-outbreak-company. 26760 | 7.473841554559043 | 20 | 0.7249626307922272 | 194
488-9656-kimi-ni-todoke-2nd-season. 26697 | 12.360939431396785 | 33 | 0.5955725362400269 | 159
489-24455-madan-no-ou-to-vanadis. 26606 | 9.396376757122454 | 25 | 1.1576336164774863 | 308
490-11785-haiyore-nyaruko-san. 26494 | 9.436098739337208 | 25 | 0.7511134596512418 | 199
491-15085-amnesia. 26489 | 37.75151949865982 | 100 | 1.3288534863528256 | 352
492-27989-hibike-euphonium. 26455 | 12.852012852012853 | 34 | 2.804762804762805 | 742
493-z16417-tamako-market. 26425 | 6.433301797540208 | 17 | 0.4692526017029328 | 124
494-z11433-ano-natsu-de-matteru. 26357 | 13.279204765337482 | 35 | 0.8688393975035095 | 229
495-6675-redline. 26269 | 13.704366363394115 | 36 | 0.7118656972096387 | 187
496-7193-aoi-bungaku-series. 26196 | 14.506031455183997 | 38 | 1.3398992212551535 | 351
497-17247-machine-doll-wa-kizutsukanai. 26171 | 11.463069810095144 | 30 | 0.7947728401665966 | 208
498-13331-jormungand-perfect-order. 25972 | 11.165870937933159 | 29 | 0.862467272447251 | 224
499-25099-ore-ga-ojousama-gakkou-ni-shomin-sample-toshite-gets-sareta-ken. 25939 | 8.866957091638074 | 23 | 0.8481437218088592 | 220
500-5681-summer-wars. 25900 | 11.196911196911199 | 29 | 0.6023166023166023 | 156
501-323-mousou-dairinin. 25813 | 14.333862782318986 | 37 | 0.9994963777941348 | 258
502-38659-shinchou-yuusha-kono-yuusha-ga-ore-tsueee-kuse-ni-shinchou-sugiru. 25802 | 11.23943880319355 | 29 | 2.9997674598868302 | 774
503-35608-chuunibyou-demo-koi-ga-shitai-movie-take-on-me. 25801 | 10.464710670129065 | 27 | 1.2053796364481997 | 311
504-384-gantz. 25777 | 12.02622492920045 | 31 | 1.3034876052294682 | 336
505-z36220-itsudatte-bokura-no-koi-wa-10-cm-datta. 25748 | 10.874631039304024 | 28 | 0.6641292527574958 | 171
506-z3470-special-a. 25678 | 11.683152893527534 | 30 | 0.5958407975699043 | 153
507-37475-kishuku-gakkou-no-juliet. 25664 | 11.689526184538654 | 30 | 0.8650249376558604 | 222
508-30778-fairy-tail-movie-2-dragon-cry. 25660 | 9.353078721745907 | 24 | 1.5432579890880749 | 396
509-z4975-chaos-head. 25651 | 17.543175704650892 | 45 | 1.278702584694554 | 328
510-32491-kanojo-to-kanojo-no-neko-everything-flows. 25644 | 13.648416783653095 | 35 | 0.783809078146935 | 201
511-16009-kamisama-no-inai-nichiyoubi. 25622 | 17.563031769573023 | 45 | 1.9982827257825309 | 512
512-22265-free-eternal-summer. 25618 | 6.635959091263955 | 17 | 1.7409633851198376 | 446
513-10213-maji-de-watashi-ni-koi-shinasai. 25552 | 6.653099561678146 | 17 | 0.4500626174076393 | 115
514-z36548-kokkoku. 25480 | 15.306122448979592 | 39 | 1.2872841444270016 | 328
515-z36793-3d-kanojo-real-girl. 25479 | 18.839043918521135 | 48 | 1.075395423682248 | 274
516-32379-berserk. 25466 | 15.707217466425824 | 40 | 5.2147961988533735 | 1328
517-z10800-chihayafuru. 25460 | 10.997643362136685 | 28 | 0.8130400628436764 | 207
518-30727-saenai-heroine-no-sodatekata. 25345 | 13.809429867824027 | 35 | 1.9530479384493982 | 495
519-36286-re-zero-kara-hajimeru-isekai-seikatsu-memory-snow. 25292 | 3.5584374505772574 | 9 | 3.1709631504032894 | 802
520-31764-nejimaki-seirei-senki-tenkyou-no-alderamin. 25102 | 7.569117998565852 | 19 | 1.4062624492072346 | 353
521-3002-gyakkyou-burai-kaiji-ultimate-survivor. 25096 | 9.96174689193497 | 25 | 1.4145680586547658 | 355
522-z9379-denpa-onna-to-seishun-otoko. 24866 | 9.249577736668543 | 23 | 0.7600739966218933 | 189
523-z15037-corpse-party-tortured-souls-bougyakusareta-tamashii-no-jukyou. 24803 | 30.238277627706324 | 75 | 1.5078821110349554 | 374
524-35413-imouto-sae-ireba-ii. 24720 | 17.39482200647249 | 43 | 1.2904530744336569 | 319
525-37517-happy-sugar-life. 24683 | 33.626382530486566 | 83 | 2.4146173479722886 | 596
526-z24231-hitsugi-no-chaika-avenging-battle. 24610 | 8.939455505891914 | 22 | 0.7557903291344982 | 186
527-z38329-seishun-buta-yarou-wa-yumemiru-shoujo-no-yume-wo-minai. 24580 | 10.577705451586656 | 26 | 2.4084621643612696 | 592
528-8630-hidan-no-aria. 24554 | 8.959843610002444 | 22 | 0.6312617088865358 | 155
529-33337-acca-13-ku-kansatsu-ka. 24470 | 19.207192480588475 | 47 | 1.5488353085410707 | 379
530-z7647-arakawa-under-the-bridge. 24430 | 11.051985264019647 | 27 | 0.6590257879656161 | 161
531-z29785-jitsu-wa-watashi-wa. 24339 | 6.984674801758494 | 17 | 1.4955421340235837 | 364
532-34984-koi-wa-ameagari-no-you-ni. 24328 | 25.07398881946728 | 61 | 2.5320618217691546 | 616
533-21557-omoide-no-marnie. 24270 | 10.300782859497323 | 25 | 0.7952204367531933 | 193
534-z38040-kono-subarashii-sekai-ni-shukufuku-wo-kurenai-densetsu. 24250 | 0.41237113402061853 | 1 | 2.041237113402062 | 495
535-31173-akagami-no-shirayuki-hime-2nd-season. 24135 | 9.115392583385125 | 22 | 1.3341620053863683 | 322
536-9289-hanasaku-iroha. 24097 | 17.844544964103417 | 43 | 1.568659999170021 | 378
537-y8676-amagami-ss. 24088 | 15.775489870474926 | 38 | 1.2371305214214545 | 298
538-z25537-fate-stay-night-movie-heaven-s-feel-i-presage-flower. 24029 | 10.82025885388489 | 26 | 6.030213492030463 | 1449
539-z6211-tokyo-magnitude-8-0. 23986 | 22.09622279663137 | 53 | 0.7504377553572917 | 180
540-33253-ajin-2nd-season. 23974 | 9.593726537081839 | 23 | 1.7936097438892133 | 430
541-1559-shijou-saikyou-no-deshi-kenichi. 23953 | 7.932200559428882 | 19 | 1.0019621759278587 | 240
542-31952-kono-bijutsubu-ni-wa-mondai-ga-aru. 23894 | 7.951787059512848 | 19 | 0.673809324516615 | 161
543-z27655-aldnoah-zero-2nd-season. 23838 | 22.652907123080794 | 54 | 9.266717006460274 | 2209
544-35712-boku-no-kanojo-ga-majimesugiru-sho-bitch-na-ken. 23799 | 11.345014496407414 | 27 | 0.8613807302827851 | 205
545-1292-afro-samurai. 23667 | 8.028055942874044 | 19 | 0.3084463599104238 | 73
546-z26-texhnolyze. 23644 | 11.842327863305702 | 28 | 3.3750634410421245 | 798
547-37095-violet-evergarden-kitto-ai-wo-shiru-hi-ga-kuru-no-darou. 23592 | 7.62970498474059 | 18 | 0.5001695489996609 | 118
548-6512-nyan-koi. 23581 | 6.361053390441457 | 15 | 0.5258470802764939 | 124
549-z22663-seiken-tsukai-no-world-break. 23546 | 11.042215238257029 | 26 | 1.1254565531300433 | 265
550-39701-nanatsu-no-taizai-kamigami-no-gekirin. 23544 | 1.2742099898063202 | 3 | 2.484709480122324 | 585
551-237-koukyoushihen-eureka-seven. 23541 | 11.044560553927191 | 26 | 1.1851663055944948 | 279
552-35839-sora-yori-mo-tooi-basho. 23495 | 10.640561821664184 | 25 | 1.2215364971270484 | 287
553-z32900-mahouka-koukou-no-rettousei-movie-hoshi-wo-yobu-shoujo. 23484 | 6.813149378300119 | 16 | 1.532958610117527 | 360
554-21327-isshuukan-friends. 23469 | 14.487195875410116 | 34 | 1.1248881503259618 | 264
555-z28977-gintama. 23418 | 5.9783072849944485 | 14 | 4.850969339824067 | 1136
556-60-chrno-crusade. 23303 | 9.869973823112904 | 23 | 0.5321203278547826 | 124
557-33743-fuuka. 23288 | 22.758502232909652 | 53 | 3.018722088629337 | 703
558-34104-knight-s-magic. 23262 | 14.18622646376064 | 33 | 0.980139282950735 | 228
559-z4722-skip-beat. 23256 | 11.609907120743033 | 27 | 1.3071895424836601 | 304
560-20431-hoozuki-no-reitetsu. 23131 | 9.078725519865117 | 21 | 0.78682287838831 | 182
561-36028-golden-kamuy. 23126 | 10.810343336504367 | 25 | 1.7772204445213178 | 411
562-7711-karigurashi-no-arrietty. 23105 | 7.357714780350574 | 17 | 0.4501190218567409 | 104
563-z30485-chaos-child. 23102 | 7.358670245000432 | 17 | 2.1166998528265952 | 489
564-30346-doukyuusei-movie. 23087 | 17.325767748083337 | 40 | 1.1088491358773336 | 256
565-3731-itazura-na-kiss. 23033 | 16.063908305474754 | 37 | 0.7901706247557853 | 182
566-z37786-yagate-kimi-ni-naru. 23012 | 18.685903007126715 | 43 | 3.3243525117330086 | 765
567-59-chobits. 22967 | 10.885183088779552 | 25 | 0.8316279879827578 | 191
568-14199-oniichan-dakedo-ai-sae-areba-kankeinai-yo-ne. 22947 | 7.844162635638646 | 18 | 0.5490913844947052 | 126
569-z11933-oda-nobuna-no-yabou. 22929 | 12.211609751842644 | 28 | 0.9420384665707182 | 216
570-z29854-ushio-to-tora-tv. 22856 | 3.0626531326566324 | 7 | 4.331466573328666 | 990
571-z24405-world-trigger. 22829 | 9.63686539051207 | 22 | 2.3347496605195146 | 533
572-11665-natsume-yuujinchou-shi. 22669 | 7.058096960606996 | 16 | 0.42789712823679915 | 97
573-z16706-kami-nomi-zo-shiru-sekai-megami-hen. 22638 | 11.043378390317166 | 25 | 1.855287569573284 | 420
574-10495-yuru-yuri. 22604 | 6.193594054149708 | 14 | 2.7340293753317995 | 618
575-32686-keijo. 22589 | 13.72349373588915 | 31 | 2.589756075966178 | 585
576-36633-date-a-live-iii. 22571 | 14.620530769571575 | 33 | 3.1855035222187764 | 719
577-31845-masou-gakuen-hxh. 22515 | 8.438818565400844 | 19 | 2.051965356429047 | 462
578-z29758-taboo-tattoo. 22478 | 12.01174481715455 | 27 | 1.694990657531809 | 381
579-37055-youjo-senki-movie. 22456 | 19.593872461702887 | 44 | 2.4002493765586035 | 539
580-z19429-akuma-no-riddle. 22456 | 14.250089063056643 | 32 | 2.538297114356965 | 570
581-z12293-campione-matsurowanu-kamigami-to-kamigoroshi-no-maou. 22440 | 9.358288770053475 | 21 | 0.9848484848484848 | 221
582-268-golden-boy. 22417 | 8.921800419324619 | 20 | 1.0438506490609805 | 234
583-35639-just-because. 22369 | 21.905315391836915 | 49 | 1.6496043631811883 | 369
584-759-tokyo-godfathers. 22252 | 6.740967104080532 | 15 | 0.36850620168973575 | 82
585-11981-mahou-shoujo-madoka-magica-movie-3-hangyaku-no-monogatari. 22236 | 19.78773160640403 | 44 | 1.8528512322360136 | 412
586-36516-beatless. 22212 | 13.05600576265082 | 29 | 1.4856834143706106 | 330
587-14349-little-witch-academia. 22138 | 6.775679826542596 | 15 | 0.8356671786069202 | 185
588-z10721-mawaru-penguindrum. 22137 | 19.424492930388038 | 43 | 1.6443059131770341 | 364
589-34262-oushitsu-kyoushi-heine. 22113 | 20.350020350020348 | 45 | 1.085334418667752 | 240
590-34964-killing-bites. 21932 | 17.326281232901696 | 38 | 1.5958416925041037 | 350
591-28735-shouwa-genroku-rakugo-shinjuu. 21890 | 15.532206486980357 | 34 | 2.485153037916857 | 544
592-329-planetes. 21833 | 15.114734576100398 | 33 | 1.529794348005313 | 334
593-14131-girls-panzer. 21832 | 10.993037742762917 | 24 | 1.7726273360205203 | 387
594-31245-zutto-mae-kara-suki-deshita-kokuhaku-jikkou-iinkai. 21672 | 8.305647840531561 | 18 | 0.6644518272425249 | 144
595-169-shingetsutan-tsukihime. 21659 | 15.236160487557136 | 33 | 1.8514243501546699 | 401
596-z34012-isekai-shokudou. 21577 | 14.367150206238124 | 31 | 0.7507994623905084 | 162
597-z13599-robotics-notes. 21561 | 16.696813691387227 | 36 | 1.7299754185798433 | 373
598-32370-d-gray-man-hallow. 21537 | 13.929516645772392 | 30 | 3.3802293727074337 | 728
599-z16512-devil-survivor-2-the-animation. 21518 | 10.688725718003532 | 23 | 0.8550980574402826 | 184
600-8795-panty-stocking-with-garterbelt. 21505 | 10.23017902813299 | 22 | 1.1811206696117182 | 254
601-28625-shisha-no-teikoku. 21441 | 19.58863858961802 | 42 | 1.3991884706870015 | 300
602-39063-fairy-gone. 21184 | 10.85725075528701 | 23 | 1.3595166163141994 | 288
603-21105-love-stage. 21089 | 16.12214898762388 | 34 | 2.30451894352506 | 486
604-y8915-dantalian-no-shoka. 21081 | 10.435937574118876 | 22 | 0.5502585266353588 | 116
605-z12175-koi-to-senkyo-to-chocolate. 21030 | 16.167379933428435 | 34 | 1.81169757489301 | 381
606-z31904-big-order-tv. 21028 | 15.693361232642191 | 33 | 2.2303595206391478 | 469
607-34300-quanzhi-fashi. 20978 | 11.917246639336447 | 25 | 0.5100581561636 | 107
608-z25159-inou-battle-wa-nichijou-kei-no-naka-de. 20969 | 16.214411750679574 | 34 | 1.3925318327054224 | 292
609-16049-toaru-kagaku-no-railgun-s. 20892 | 9.094390197204671 | 19 | 2.3262492820218266 | 486
610-z6205-kampfer. 20874 | 7.665037846124365 | 16 | 0.6563188655743988 | 137
611-z31376-flying-witch. 20841 | 13.914879324408618 | 29 | 1.6553908161796458 | 345
612-31374-shingeki-kyojin-chuugakkou. 20826 | 7.202535292422932 | 15 | 0.8066839527513685 | 168
613-15379-kotoura-san. 20757 | 16.861781567663922 | 35 | 0.8816302933949993 | 183
614-z530-bishoujo-senshi-sailor-moon. 20737 | 7.71567729179727 | 16 | 1.523846265129961 | 316
615-16035-karneval-tv. 20731 | 12.059234962134003 | 25 | 0.5836669721672857 | 121
616-1698-nodame-cantabile. 20650 | 11.62227602905569 | 24 | 1.3849878934624698 | 286
617-10321-uta-no-prince-sama-maji-love-1000. 20595 | 14.081087642631706 | 29 | 0.8060208788540907 | 166
618-23251-gugure-kokkuri-san. 20513 | 8.77492321942183 | 18 | 1.2772388241602886 | 262
619-10490-blood-c. 20432 | 18.598277212216132 | 38 | 0.9788566953797965 | 200
620-2246-mononoke. 20427 | 13.707348117687374 | 28 | 0.8126499241200372 | 166
621-z31716-rewrite. 20384 | 13.245682888540031 | 27 | 3.021978021978022 | 616
622-z37451-boogiepop-wa-warawanai-2019. 20363 | 12.768256150861856 | 26 | 3.054559740706183 | 622
623-z21085-witch-craft-works. 20350 | 7.371007371007371 | 15 | 1.144963144963145 | 233
624-11703-code-breaker. 20325 | 12.792127921279212 | 26 | 0.915129151291513 | 186
625-12291-acchi-kocchi-tv. 20244 | 13.831258644536653 | 28 | 0.686623196996641 | 139
626-z36999-zoku-owarimonogatari. 20153 | 3.4734282737061477 | 7 | 3.895201706941895 | 785
627-267-gungrave. 20132 | 12.914762567057421 | 26 | 0.9338366779256905 | 188
628-z38397-nande-koko-ni-sensei-ga. 20127 | 9.936900680677697 | 20 | 1.6594624136731753 | 334
629-21563-kamigami-no-asobi. 20115 | 19.388516032811335 | 39 | 1.6355953268704946 | 329
630-37965-kaze-ga-tsuyoku-fuiteiru. 20036 | 20.962267917748054 | 42 | 2.076262727091236 | 416
631-36432-toaru-majutsu-no-index-iii. 19890 | 7.541478129713425 | 15 | 5.520361990950226 | 1098
632-z36023-persona-5-the-animation. 19862 | 4.531265733561575 | 9 | 2.4116403181955492 | 479
633-34055-berserk-2nd-season. 19739 | 10.638836820507626 | 21 | 3.049799888545519 | 602
634-7769-ookami-san-to-shichinin-no-nakama-tachi. 19706 | 8.11935451131635 | 16 | 0.4567136912615447 | 90
635-35847-ssss-gridman. 19668 | 23.89668497051047 | 47 | 2.7659141753101486 | 544
636-z21511-kantai-collection-kancolle. 19585 | 10.722491702833802 | 21 | 3.380137860607608 | 662
637-z185-initial-d-first-stage. 19447 | 11.827017020620147 | 23 | 1.007867537409369 | 196
638-16890-makai-ouji-devils-and-realist. 19415 | 12.87664177182591 | 25 | 0.56657223796034 | 110
639-z19769-mahou-sensou. 19408 | 13.396537510305029 | 26 | 2.055853256389118 | 399
640-37171-asobi-asobase. 19375 | 18.580645161290324 | 36 | 1.104516129032258 | 214
641-z14829-fate-kaleid-liner-prisma-illya. 19364 | 12.91055567031605 | 25 | 2.0915100185912 | 405
642-38680-fruits-basket-1st-season. 19303 | 5.180541884681137 | 10 | 3.0720613376159145 | 593
643-z23421-re-hamatora. 19289 | 16.58976618798279 | 32 | 1.026491782881435 | 198
644-z9926-sekaiichi-hatsukoi. 19269 | 10.379365820748353 | 20 | 0.6227619492449011 | 120
645-35240-princess-principal. 19259 | 12.461706215275974 | 24 | 1.0852069162469495 | 209
646-37435-carole-tuesday. 19234 | 23.915982115004677 | 46 | 4.570032234584589 | 879
647-z30205-aoharu-x-kikanjuu. 19217 | 13.52968725607535 | 26 | 1.8108966019670083 | 348
648-20057-space-dandy. 18962 | 11.074781141229828 | 21 | 1.355342263474317 | 257
649-27-trinity-blood. 18937 | 8.977134709827324 | 17 | 0.9610814806991604 | 182
650-39026-dumbbell-nan-kilo-moteru. 18936 | 10.033798056611746 | 19 | 1.5948457963667089 | 302
651-y28621-subete-ga-f-ni-naru. 18884 | 13.238720610040245 | 25 | 2.208218597754713 | 417
652-34086-tales-of-zestiria-the-cross-2nd-season. 18861 | 8.483113302582048 | 16 | 1.5216584486506548 | 287
653-36027-ousama-game-the-animation. 18859 | 41.35956307333368 | 78 | 2.1581207911342064 | 407
654-6895-hakuouki. 18844 | 11.144130757800891 | 21 | 0.4351517724474634 | 82
655-37446-hyakuren-no-haou-to-seiyaku-no-valkyria. 18838 | 17.5177832041618 | 33 | 1.438581590402378 | 271
656-z6922-fate-stay-night-movie-unlimited-blade-works. 18823 | 7.968974127397333 | 15 | 0.8393986080858524 | 158
657-z31629-granblue-fantasy-the-animation. 18812 | 9.56836062088029 | 18 | 1.3129917074207953 | 247
658-263-hajime-no-ippo. 18782 | 9.051219252475775 | 17 | 2.007240975401981 | 377
659-25731-cross-ange-tenshi-to-ryuu-no-rondo. 18707 | 24.58972577110173 | 46 | 4.490297749505532 | 840
660-31414-nijiiro-days. 18667 | 10.178389671613008 | 19 | 1.0767664863127444 | 201
661-36049-dagashi-kashi-2. 18658 | 8.03944688605424 | 15 | 0.8039446886054239 | 150
662-5781-isekai-no-seikishi-monogatari. 18606 | 10.211759647425561 | 19 | 1.2845318714393206 | 239
663-38186-bokutachi-wa-benkyou-ga-dekinai. 18592 | 16.135972461273667 | 30 | 1.3661790017211703 | 254
664-16-hachimitsu-to-clover. 18462 | 12.458021882786262 | 23 | 0.5308200628317625 | 98
665-z44-rurouni-kenshin-meiji-kenkaku-romantan-tsuioku-hen. 18448 | 9.215091066782307 | 17 | 0.6938421509106678 | 128
666-34541-mary-to-majo-no-hana. 18443 | 25.483923439787453 | 47 | 1.355527842541886 | 250
667-10460-kimi-to-boku. 18403 | 9.237624300385807 | 17 | 0.6085964244960061 | 112
668-38778-midara-na-ao-chan-wa-benkyou-ga-dekinai. 18384 | 8.703220191470844 | 16 | 1.1586161879895562 | 213
669-36470-tada-kun-wa-koi-wo-shinai. 18370 | 20.685900925421883 | 38 | 1.5459989112683723 | 284
670-z32360-qualidea-code. 18295 | 8.74555889587319 | 16 | 2.088002186389724 | 382
671-39195-beastars. 18259 | 9.310477025028753 | 17 | 3.5160742647461523 | 642
672-z7662-shinrei-tantei-yakumo. 18084 | 12.71842512718425 | 23 | 0.3151957531519575 | 57
673-z31559-prince-of-stride-alternative. 18075 | 17.15076071922545 | 31 | 2.334716459197787 | 422
674-34383-netsuzou-trap. 18048 | 13.297872340425531 | 24 | 2.4711879432624113 | 446
675-y10357-jinrui-wa-suitai-shimashita. 18044 | 14.40922190201729 | 26 | 2.1946353358457107 | 396
676-32323-aishen-qiaokeli-ing. 17958 | 11.137097672346586 | 20 | 2.6394921483461413 | 474
677-z9863-sket-dance. 17942 | 13.933786645858879 | 25 | 0.869468286701594 | 156
678-3092-junjou-romantica. 17910 | 9.491903964265774 | 17 | 0.6867671691792295 | 123
679-z16001-kokoro-connect-michi-random. 17893 | 15.64857765606662 | 28 | 2.2913988710668978 | 410
680-z19703-kyousou-giga-tv. 17869 | 11.752196541496447 | 21 | 1.3934747327774357 | 249
681-z34096-gintama. 17865 | 7.836551917156451 | 14 | 3.2409739714525614 | 579
682-z486-kino-no-tabi-the-beautiful-world. 17845 | 14.009526478005045 | 25 | 1.0367049593723732 | 185
683-21877-high-score-girl. 17795 | 17.98257937622928 | 32 | 1.444225906153414 | 257
684-z15109-cuticle-tantei-inaba. 17776 | 15.75157515751575 | 28 | 0.7031953195319531 | 125
685-33433-shuumatsu-no-izetta. 17754 | 7.8855469190041685 | 14 | 2.6585558184071196 | 472
686-38366-satsuriku-no-tenshi-ona. 17741 | 12.400653852657685 | 22 | 0.7778591962121639 | 138
687-9367-freezing. 17679 | 10.74721420894847 | 19 | 3.195882120029413 | 565
688-34658-nekopara-ova. 17646 | 10.200612036722204 | 18 | 1.4677547319505837 | 259
689-33010-flcl-progressive. 17646 | 15.300918055083304 | 27 | 3.105519664513204 | 548
690-z2924-ef-a-tale-of-memories. 17645 | 9.634457353357892 | 17 | 1.5811844715216776 | 279
691-z33323-kamisama-hajimemashita-kamisama-shiawase-ni-naru. 17609 | 10.222045544891817 | 18 | 0.46567096371173833 | 82
692-39491-psycho-pass-3. 17609 | 5.111022772445908 | 9 | 5.75274007609745 | 1013
693-1571-ghost-hunt. 17551 | 16.523275027063985 | 29 | 0.6723263631701898 | 118
694-35889-hakata-tonkotsu-ramens. 17538 | 14.824951533812293 | 26 | 0.832478047667921 | 146
695-z8142-colorful-movie. 17528 | 14.262893655864902 | 25 | 0.8785942492012779 | 154
696-820-ginga-eiyuu-densetsu. 17487 | 13.152627666266369 | 23 | 9.15537256247498 | 1601
697-34498-uchiage-hanabi-shita-kara-miru-ka-yoko-kara-miru-ka. 17459 | 18.32865570765794 | 32 | 1.781316226588006 | 311
698-z23311-garo-honoo-no-kokuin. 17451 | 9.741562088132484 | 17 | 2.8307833361984986 | 494
699-z32032-seikaisuru-kado. 17414 | 17.801768691857127 | 31 | 1.3265188928448375 | 231
700-z16201-aku-no-hana. 17375 | 28.201438848920866 | 49 | 3.9654676258992807 | 689
701-y16918-gin-no-saji. 17329 | 9.233077500144267 | 16 | 1.03872121876623 | 180
702-34712-kujira-no-kora-wa-sajou-ni-utau. 17328 | 13.850415512465373 | 24 | 1.8698060941828254 | 324
703-2985-majin-tantei-nougami-neuro. 17324 | 10.390210113137844 | 18 | 0.5772338951743246 | 100
704-z32407-clockwork-planet. 17316 | 19.635019635019635 | 34 | 1.4957264957264957 | 259
705-35905-ryuuou-no-oshigoto. 17294 | 10.986469295709496 | 19 | 0.9483057707875563 | 164
706-31405-joker-game. 17272 | 9.263547938860583 | 16 | 1.893237610004632 | 327
707-y13655-little-busters. 17211 | 13.944570332926617 | 24 | 2.2137005403521 | 381
708-z19775-sidonia-no-kishi. 17210 | 13.945380592678676 | 24 | 4.549680418361418 | 783
709-5177-denpa-teki-na-kanojo. 17197 | 20.933883816944814 | 36 | 1.0408792231203117 | 179
710-32438-mayoiga. 17106 | 28.644919911142292 | 49 | 2.1337542382789665 | 365
711-37202-radiant. 16962 | 11.791062374719962 | 20 | 1.2734347364697558 | 216
712-38573-tsuujou-kougeki-ga-zentai-kougeki-de-ni-kai-kougeki-no-okaasan-wa-suki-desu-ka. 16942 | 10.034234446936608 | 17 | 3.907448943454138 | 662
713-19111-love-live-school-idol-project-2nd-season. 16879 | 12.441495349250546 | 21 | 1.1138100598376681 | 188
714-1222-bokura-ga-ita. 16819 | 17.83697009334681 | 30 | 1.058326892205244 | 178
715-27829-heavy-object. 16791 | 10.720028586742897 | 18 | 3.3708534333869333 | 566
716-10029-coquelicot-zaka-kara. 16773 | 11.327729088415907 | 19 | 0.4471472008585226 | 75
717-19685-kanojo-ga-flag-wo-oraretara. 16768 | 9.541984732824426 | 16 | 0.8826335877862597 | 148
718-67-basilisk-kouga-ninpou-chou. 16768 | 14.312977099236642 | 24 | 0.6261927480916031 | 105
719-z28617-punch-line. 16768 | 11.331106870229007 | 19 | 1.78912213740458 | 300
720-z33203-fukumenkei-noise. 16736 | 22.108030592734224 | 37 | 1.5356118546845126 | 257
721-1562-yamato-nadeshiko-shichihenge. 16697 | 12.577109660418039 | 21 | 0.6228663831826077 | 104
722-36754-kakuriyo-no-yadomeshi. 16662 | 13.803865082223023 | 23 | 0.9902772776377385 | 165
723-3342-mnemosyne-mnemosyne-no-musume-tachi. 16654 | 17.41323405788399 | 29 | 0.9186982106400865 | 153
724-22687-terra-formars. 16612 | 10.835540573079703 | 18 | 2.2935227546352035 | 381
725-79-shuffle. 16580 | 13.872135102533173 | 23 | 1.3992762364294329 | 232
726-z2104-seto-no-hanayome. 16535 | 12.095554883580284 | 20 | 0.804354399758089 | 133
727-31680-super-lovers. 16516 | 12.10946960523129 | 20 | 2.760959069992734 | 456
728-15605-brothers-conflict. 16493 | 25.465348935912207 | 42 | 1.5521736494270295 | 256
729-z12967-arcana-famiglia. 16450 | 13.373860182370821 | 22 | 0.8814589665653495 | 145
730-z32924-urara-meirochou. 16445 | 10.337488598358163 | 17 | 1.0702341137123745 | 176
731-17777-saikin-imouto-no-yousu-ga-chotto-okashiinda-ga. 16361 | 11.612982091559196 | 19 | 1.4913513843897073 | 244
732-5040-one-outs. 16350 | 17.125382262996943 | 28 | 1.4801223241590213 | 242
733-33036-suki-ni-naru-sono-shunkan-wo-kokuhaku-jikkou-iinkai. 16269 | 9.834654865080829 | 16 | 0.878972278566599 | 143
734-35015-ani-ni-tsukeru-kusuri-wa-nai. 16257 | 9.841914252322077 | 16 | 0.8427139078550779 | 137
735-z33049-fate-stay-night-movie-heaven-s-feel-ii-lost-butterfly. 16226 | 9.860717367188464 | 16 | 4.388019228398866 | 712
736-z33654-hitorijime-my-hero. 16220 | 27.127003699136868 | 44 | 1.2946979038224413 | 210
737-20047-sakura-trick. 16164 | 9.89853996535511 | 16 | 1.7817371937639197 | 288
738-34102-sakurada-reset. 16150 | 19.195046439628484 | 31 | 1.7523219814241486 | 283
739-22865-rokujouma-no-shinryakusha-tv. 16134 | 10.536754679558696 | 17 | 0.687988099665303 | 111
740-10396-ben-to. 16125 | 13.643410852713178 | 22 | 1.1782945736434107 | 190
741-z12467-nazo-no-kanojo-x. 16088 | 19.269020387866735 | 31 | 2.3122824465440077 | 372
742-38483-ore-wo-suki-nano-wa-omae-dake-ka-yo. 16031 | 13.723410891397917 | 22 | 3.9797891585053957 | 638
743-8449-togainu-no-chi. 16003 | 11.872773854902205 | 19 | 0.4999062675748297 | 80
744-16157-choujigen-game-neptune-the-animation. 15986 | 9.383210309020393 | 15 | 0.6818466157888152 | 109
745-26351-nagato-yuki-chan-no-shoushitsu. 15967 | 21.920210434020166 | 35 | 6.9768898352852755 | 1114
746-6166-asobi-ni-iku-yo. 15944 | 9.407927747114902 | 15 | 0.9345208228800803 | 149
747-21561-ryuugajou-nanana-no-maizoukin-tv. 15914 | 12.567550584391102 | 20 | 0.7666205856478573 | 122
748-z35079-kino-no-tabi-the-beautiful-world-the-animated-series. 15880 | 20.151133501259444 | 32 | 2.141057934508816 | 340
749-z37744-isekai-cheat-magician. 15838 | 20.204571284253063 | 32 | 2.5571410531632783 | 405
750-38297-maou-sama-retry. 15832 | 20.84386053562405 | 33 | 2.210712481051036 | 350
751-2129-true-tears. 15799 | 16.456737768213177 | 26 | 1.5064244572441292 | 238
752-1462-memories. 15719 | 14.631974044150391 | 23 | 0.6807048794452574 | 107
753-32828-amaama-to-inazuma. 15605 | 14.098045498237743 | 22 | 1.6469080422941367 | 257
754-5178-first-squad-the-moment-of-truth. 15592 | 16.67521806054387 | 26 | 2.2383273473576195 | 349
755-32086-blame-movie. 15591 | 22.4488486947598 | 35 | 1.40465653261497 | 219
756-38940-cop-craft. 15505 | 14.833924540470816 | 23 | 3.0441792970009676 | 472
757-10259-da-yu-hai-tang-movie. 15498 | 30.326493741127887 | 47 | 1.2646793134598013 | 196
758-z18179-yowamushi-pedal. 15488 | 9.684917355371901 | 15 | 0.8329028925619835 | 129
759-153-juuni-kokuki. 15450 | 20.06472491909385 | 31 | 1.087378640776699 | 168
760-z29974-diabolik-lovers-more-blood. 15444 | 18.777518777518775 | 29 | 3.133903133903134 | 484
761-38145-doukyonin-wa-hiza-tokidoki-atama-no-ue. 15381 | 17.554125219426563 | 27 | 1.0402444574475 | 160
762-z1033-sennen-joyuu. 15375 | 16.260162601626018 | 25 | 1.0211382113821137 | 157
763-18245-white-album-2. 15375 | 41.6260162601626 | 64 | 4.650406504065041 | 715
764-33263-kubikiri-cycle-aoiro-savant-to-zaregototsukai. 15327 | 12.396424610165068 | 19 | 3.61453643896392 | 554
765-z34126-rewrite-2nd-season. 15293 | 9.808409076047864 | 15 | 1.7262799973844243 | 264
766-34103-danganronpa-3-the-end-of-kibougamine-gakuen-kibou-hen. 15280 | 11.780104712041885 | 18 | 0.9096858638743455 | 139
767-5356-canaan. 15265 | 9.826400262037339 | 15 | 0.8647232230592861 | 132
768-39324-uchi-no-ko-no-tame-naraba-ore-wa-moshikashitara-maou-mo-taoseru-kamo-shirenai. 15260 | 13.106159895150721 | 20 | 1.9724770642201837 | 301
769-z33047-fate-extra-last-encore. 15241 | 11.154123745161078 | 17 | 5.006233186798767 | 763
770-35330-poputepipikku. 15225 | 13.136288998357964 | 20 | 2.0821018062397374 | 317
771-z14765-ixion-saga-dt. 15081 | 11.27246203832637 | 17 | 0.7691797626152113 | 116
772-97-last-exile. 15064 | 12.612851832182686 | 19 | 0.45804567180031863 | 69
773-5507-senjou-no-valkyria. 15062 | 14.606293984862567 | 22 | 0.9759660071703625 | 147
774-39326-kawaikereba-hentai-demo-suki-ni-natte-kuremasu-ka. 15058 | 21.251162172931334 | 32 | 2.0520653473236816 | 309
775-34019-tsugumomo. 14842 | 10.780218299420563 | 16 | 1.2936261959304676 | 192
776-z31931-full-metal-panic-invisible-victory. 14801 | 24.322680899939193 | 36 | 4.999662184987501 | 740
777-z31537-manaria-friends. 14754 | 12.20008133387556 | 18 | 2.0469025349057883 | 302
778-z4725-ga-rei-zero. 14729 | 11.541856202050377 | 17 | 0.5159888655034286 | 76
779-z2923-shugo-chara. 14701 | 11.563839194612612 | 17 | 1.1087681110128562 | 163
780-36316-shichisei-no-subaru. 14681 | 18.391117771268988 | 27 | 1.409985695797289 | 207
781-21743-donten-ni-warau. 14669 | 17.724452927943283 | 26 | 1.2952484831958553 | 190
782-z29976-dance-with-devils. 14646 | 25.945650689608083 | 38 | 2.3624197733169465 | 346
783-z32271-dies-irae. 14621 | 13.678954927843513 | 20 | 2.0176458518569182 | 295
784-36632-ore-ga-suki-nano-wa-imouto-dakedo-imouto-ja-nai. 14596 | 21.238695533022746 | 31 | 2.356810084954782 | 344
785-w2596-shinreigari. 14571 | 10.294420424130122 | 15 | 0.672568801043168 | 98
786-34914-new-game. 14568 | 10.982976386600768 | 16 | 0.7894014277869301 | 115
787-17741-kimi-no-iru-machi. 14554 | 30.91933489075168 | 45 | 2.4529339013329667 | 357
788-z38753-araburu-kisetsu-no-otome-domo-yo. 14552 | 25.4260582737768 | 37 | 4.191863661352391 | 610
789-35484-osake-wa-fuufu-ni-natte-kara. 14542 | 11.002613120616145 | 16 | 0.7701829184431302 | 112
790-33836-seiren. 14526 | 8.261049153242462 | 12 | 3.9446509706732753 | 573
791-z32013-oshiete-galko-chan. 14525 | 13.080895008605852 | 19 | 1.1359724612736661 | 165
792-8129-kuragehime. 14522 | 12.394986916402699 | 18 | 0.8607629803057429 | 125
793-35180-3-gatsu-no-lion-2nd-season. 14521 | 10.329867089043454 | 15 | 2.3070036498863717 | 335
794-y32979-flip-flappers. 14505 | 14.477766287487075 | 21 | 1.2616339193381592 | 183
795-y31174-osomatsu-san. 14495 | 9.658502932045533 | 14 | 3.518454639530873 | 510
796-22273-selector-infected-wixoss. 14489 | 13.803575125957623 | 20 | 0.8006073573055421 | 116
797-9941-tiger-bunny. 14407 | 10.411605469563407 | 15 | 0.7357534531824808 | 106
798-37021-iya-na-kao-sare-nagara-opantsu-misete-moraitai. 14395 | 18.06182702327197 | 26 | 2.438346648141716 | 351
799-31109-hatsukoi-monster. 14381 | 12.516514845977332 | 18 | 1.8079410333078367 | 260
800-33012-island. 14380 | 21.557719054242003 | 31 | 2.5173852573018083 | 362
801-19315-pupa. 14375 | 37.56521739130435 | 54 | 4.605217391304348 | 662
802-38480-toaru-kagaku-no-accelerator. 14373 | 6.957489737702637 | 10 | 3.548319766228345 | 510
803-37447-karakuri-circus-tv. 14298 | 16.0861658973283 | 23 | 1.8254301300881242 | 261
804-8516-baka-to-test-to-shoukanjuu-ni. 14258 | 11.923130873895357 | 17 | 0.8907280123439473 | 127
805-39030-hataage-kemono-michi. 14227 | 11.949110845575314 | 17 | 2.5655443874323467 | 365
806-z12461-hiiro-no-kakera. 14218 | 11.253340835560557 | 16 | 0.5134336756224503 | 73
807-38959-lord-el-melloi-ii-sei-no-jikenbo-rail-zeppelin-grace-note. 14196 | 8.4530853761623 | 12 | 3.057199211045365 | 434
808-36318-quanzhi-fashi-2nd-season. 14179 | 13.400098737569644 | 19 | 0.9380069116298752 | 133
809-24211-orenchi-no-furo-jijou. 14156 | 11.302627860977678 | 16 | 1.2009042102288783 | 170
810-11179-papa-no-iukoto-wo-kikinasai. 14127 | 17.69660932965244 | 25 | 0.6299992921356268 | 89
811-z31710-divine-gate. 14121 | 19.120458891013385 | 27 | 1.232207350754196 | 174
812-36124-itou-junji-collection. 14086 | 19.16796819537129 | 27 | 1.029390884566236 | 145
813-28211-harmony. 14023 | 27.098338443984883 | 38 | 2.360407901304999 | 331
814-39198-kanata-no-astra. 14013 | 43.531006922143725 | 61 | 4.388781845429245 | 615
815-7058-uragiri-wa-boku-no-namae-wo-shitteiru. 13970 | 18.61130994989263 | 26 | 0.5010737294201861 | 70
816-34620-kono-yo-no-hate-de-koi-wo-utau-shoujo-yu-no. 13848 | 21.663778162911612 | 30 | 5.509820912767187 | 763
817-21845-ushinawareta-mirai-wo-motomete. 13825 | 25.31645569620253 | 35 | 1.6708860759493671 | 231
818-4981-casshern-sins. 13803 | 15.214083894805478 | 21 | 1.9126276896326886 | 264
819-149-loveless. 13783 | 10.882971776826524 | 15 | 0.6021911049844011 | 83
820-z9479-coppelion. 13761 | 19.62066710268149 | 27 | 2.049269675168956 | 282
821-15227-kono-sekai-no-katasumi-ni. 13721 | 14.576197070184389 | 20 | 0.9911814007725385 | 136
822-z14397-chihayafuru-2. 13704 | 14.594279042615295 | 20 | 1.73671920607122 | 238
823-36245-evil-or-live. 13694 | 30.67036658390536 | 42 | 1.2779319409960566 | 175
824-z6682-11eyes. 13688 | 17.533606078316772 | 24 | 1.1177673874926943 | 153
825-2216-shigurui. 13640 | 18.328445747800586 | 25 | 0.7404692082111437 | 101
826-y1723-clannad-movie. 13612 | 11.019688510138113 | 15 | 0.6171025565677344 | 84
827-24705-ore-twintail-ni-narimasu. 13611 | 13.224597751818383 | 18 | 1.9616486665197268 | 267
828-36936-mirai-no-mirai. 13604 | 33.81358423992943 | 46 | 1.5069097324316378 | 205
829-z4789-ef-a-tale-of-melodies. 13568 | 11.79245283018868 | 16 | 1.665683962264151 | 226
830-36873-back-street-girls-gokudolls. 13550 | 11.808118081180814 | 16 | 1.719557195571956 | 233
831-17909-uchouten-kazoku. 13495 | 14.820303816228233 | 20 | 0.829937013708781 | 112
832-y18229-gatchaman-crowds. 13463 | 14.855529971031718 | 20 | 1.3444254623783702 | 181
833-y18195-little-busters-refrain. 13443 | 17.853157777281858 | 24 | 1.66629472587964 | 224
834-z16668-kakumeiki-valvrave. 13443 | 14.877631481068214 | 20 | 1.963847355501004 | 264
835-y11837-zetman. 13341 | 11.993103965219998 | 16 | 0.8620043475001874 | 115
836-16528-hal. 13310 | 12.772351615326823 | 17 | 0.9466566491359879 | 126
837-z256-hoshi-no-koe. 13240 | 15.105740181268882 | 20 | 0.9365558912386708 | 124
838-33094-www-working. 13239 | 12.085504947503589 | 16 | 1.0801420046831332 | 143
839-z23309-rail-wars. 13230 | 18.89644746787604 | 25 | 1.4512471655328798 | 192
840-17121-dareka-no-manazashi. 13152 | 15.206812652068127 | 20 | 0.8211678832116789 | 108
841-7-witch-hunter-robin. 13148 | 13.690295101916643 | 18 | 0.6160632795862488 | 81
842-y145-kareshi-kanojo-no-jijou. 13007 | 15.37633581917429 | 20 | 1.3608057199969248 | 177
843-33095-shouwa-genroku-rakugo-shinjuu-sukeroku-futatabi-hen. 12993 | 12.314323097052258 | 16 | 1.4469329639036406 | 188
844-24873-juuou-mujin-no-fafnir. 12979 | 11.557130749672549 | 15 | 0.7627706294783881 | 99
845-1827-seirei-no-moribito. 12964 | 16.198704103671705 | 21 | 0.6865165072508485 | 89
846-6773-shakugan-no-shana-iii. 12929 | 15.469100471807563 | 20 | 0.7347822724108592 | 95
847-33003-mahou-shoujo-ikusei-keikaku. 12916 | 15.48467017652524 | 20 | 2.2917311861257357 | 296
848-18857-ore-no-imouto-ga-konnani-kawaii-wake-ga-nai-specials. 12872 | 34.18272218769422 | 44 | 4.614667495338719 | 594
849-322-paradise-kiss. 12806 | 21.083866937373106 | 27 | 0.7652662814305794 | 98
850-v13391-rakuen-tsuihou. 12801 | 17.96734630107023 | 23 | 1.273338020467151 | 163
851-31988-hibike-euphonium-2. 12777 | 9.39187602723644 | 12 | 5.11857243484386 | 654
852-120-fruits-basket. 12756 | 13.327061774851051 | 17 | 0.8388209470053307 | 107
853-z14293-nerawareta-gakuen. 12699 | 22.836443814473583 | 29 | 0.8347113945979999 | 106
854-z37956-3d-kanojo-real-girl-2nd-season. 12657 | 23.70229912301493 | 30 | 1.0745042269100102 | 136
855-24-school-rumble. 12595 | 11.909487892020643 | 15 | 0.8971814211988884 | 113
856-32668-noblesse-awakening. 12544 | 18.33545918367347 | 23 | 0.8848852040816326 | 111
857-z16355-dansai-bunri-no-crime-edge. 12521 | 11.979873811995846 | 15 | 2.108457790911269 | 264
858-z31452-norn9-norn-nonet. 12503 | 23.19443333599936 | 29 | 2.0395105174758057 | 255
859-33091-planetarian-chiisana-hoshi-no-yume. 12449 | 16.0655474335288 | 20 | 2.6186842316651937 | 326
860-z36653-tsurune-kazemai-koukou-kyuudoubu. 12385 | 22.607993540573272 | 28 | 3.2377876463463866 | 401
861-35848-promare. 12383 | 34.72502624565937 | 43 | 2.7699265121537593 | 343
862-38080-kono-oto-tomare. 12370 | 12.934518997574779 | 16 | 2.053354890864996 | 254
863-32526-love-live-sunshine. 12344 | 14.58198314970836 | 18 | 4.317887232663642 | 533
864-33605-ling-qi. 12333 | 14.59498905375821 | 18 | 1.2243574150652718 | 151
865-33985-bloodivores. 12305 | 13.00284437220642 | 16 | 1.4953271028037385 | 184
866-34501-kenka-banchou-otome-girl-beats-boys. 12300 | 14.634146341463415 | 18 | 1.2439024390243902 | 153
867-37823-conception. 12290 | 18.71440195280716 | 23 | 2.978030919446705 | 366
868-37989-golden-kamuy-2nd-season. 12288 | 12.20703125 | 15 | 1.4485677083333335 | 178
869-23279-gyakusatsu-kikan. 12278 | 18.732692620948036 | 23 | 2.011728294510507 | 247
870-12031-kingdom. 12252 | 16.32386549134835 | 20 | 1.8364348677766893 | 225
871-30806-schwarzesmarken. 12240 | 8.986928104575163 | 11 | 3.6764705882352944 | 450
872-223-dragon-ball. 12191 | 13.124436059388072 | 16 | 2.058895906816504 | 251
873-25429-isuca. 12150 | 16.46090534979424 | 20 | 1.6049382716049383 | 195
874-z38084-fate-grand-order-zettai-majuu-sensen-babylonia. 12112 | 0.8256274768824307 | 1 | 14.242073976221928 | 1725
875-z23079-glasslip. 12103 | 28.092208543336362 | 34 | 3.3049657109807486 | 400
876-31456-code-realize-sousei-no-himegimi. 11990 | 13.344453711426189 | 16 | 1.634695579649708 | 196
877-33190-planetarian-hoshi-no-hito. 11972 | 18.376211159371866 | 22 | 1.110925492816572 | 133
878-20903-harmonie. 11956 | 15.891602542656408 | 19 | 1.1960521913683506 | 143
879-28619-ranpo-kitan-game-of-laplace. 11950 | 23.430962343096237 | 28 | 3.1548117154811712 | 377
880-z37597-dakaretai-otoko-1-i-ni-odosarete-imasu. 11916 | 13.42732460557234 | 16 | 2.794561933534743 | 333
881-39533-given. 11883 | 17.672304973491542 | 21 | 2.8612303290414878 | 340
882-36828-caligula. 11771 | 16.141364370062014 | 19 | 1.1468864157675644 | 135
883-35821-chio-chan-no-tsuugakuro. 11763 | 18.702711893224517 | 22 | 0.935135594661226 | 110
884-3167-eve-no-jikan. 11704 | 15.379357484620643 | 18 | 0.5895420369104579 | 69
885-1589-bartender. 11693 | 17.104250406225948 | 20 | 0.7354827674677158 | 86
886-z440-shoujo-kakumei-utena. 11616 | 18.078512396694215 | 21 | 2.470730027548209 | 287
887-7588-saraiya-goyou. 11578 | 17.274140611504578 | 20 | 0.9500777336327518 | 110
888-24893-sidonia-no-kishi-daikyuu-wakusei-seneki. 11556 | 17.307026652821044 | 20 | 3.9979231568016615 | 462
889-35249-uma-musume-pretty-derby-tv. 11543 | 15.5938664125444 | 18 | 1.6200294550810017 | 187
890-33350-zhen-hun-jie. 11480 | 26.132404181184672 | 30 | 0.9059233449477353 | 104
891-147-kimi-ga-nozomu-eien. 11464 | 30.53035589672017 | 35 | 1.648639218422889 | 189
892-101-air. 11450 | 13.973799126637553 | 16 | 0.6724890829694323 | 77
893-z22135-ping-pong-the-animation. 11442 | 23.597273203985317 | 27 | 3.2162209403950355 | 368
894-18893-aoki-hagane-no-arpeggio-ars-nova. 11398 | 14.037550447446922 | 16 | 2.333742761888051 | 266
895-21507-soul-eater-not. 11366 | 14.077071969030442 | 16 | 2.041175435509414 | 232
896-28391-ao-no-kanata-no-four-rhythm. 11355 | 13.21003963011889 | 15 | 4.817261118450022 | 547
897-38935-miru-tights. 11271 | 16.857421701712358 | 19 | 2.848017034868246 | 321
898-34443-baki. 11232 | 13.354700854700855 | 15 | 2.110042735042735 | 237
899-34547-shoukoku-no-altair. 11160 | 14.336917562724015 | 16 | 1.146953405017921 | 128
900-36039-a-i-c-o-incarnation. 11000 | 24.545454545454543 | 27 | 1.7727272727272727 | 195
901-33019-reikenzan-eichi-e-no-shikaku. 10963 | 20.979658852503874 | 23 | 1.7878317978655478 | 196
902-37007-hinomaruzumou. 10929 | 17.384939152712963 | 19 | 1.2352456766401316 | 135
903-z16397-photokano. 10922 | 17.396081303790513 | 19 | 1.9501922724775682 | 213
904-33241-honobono-log. 10916 | 15.5734701355808 | 17 | 0.7053865884939539 | 77
905-38993-karakai-jouzu-no-takagi-san-2. 10834 | 13.845301827579842 | 15 | 1.827579841240539 | 198
906-174-tenjou-tenge. 10798 | 13.891461381737358 | 15 | 0.6760511205778849 | 73
907-12431-uchuu-kyoudai. 10748 | 17.677707480461482 | 19 | 1.470040937848902 | 158
908-6774-kuuchuu-buranko. 10733 | 14.907295257616695 | 16 | 0.5310723935525948 | 57
909-5678-kobato. 10726 | 13.984710050344956 | 15 | 0.7644974827521909 | 82
910-y30901-utawarerumono-itsuwari-no-kamen. 10676 | 19.67028849756463 | 21 | 4.074559760209817 | 435
911-x369-boogiepop-wa-warawanai. 10545 | 18.01801801801802 | 19 | 1.4983404457088667 | 158
912-39741-violet-evergarden-gaiden-eien-to-jidou-shuki-ningyou. 10371 | 16.39186192266898 | 17 | 2.5841288207501685 | 268
913-z326-petshop-of-horrors. 10329 | 18.394810727079097 | 19 | 0.5227998838222481 | 54
914-y2026-hayate-no-gotoku. 10242 | 8.787346221441124 | 9 | 4.21792618629174 | 432
915-11021-muv-luv-alternative-total-eclipse. 10234 | 19.542700801250735 | 20 | 1.6415868673050615 | 168
916-32071-gantz-o. 10229 | 14.664190047903022 | 15 | 2.160524000391045 | 221
917-11135-hybrid-child. 10219 | 14.678539974557197 | 15 | 1.4482826108229767 | 148
918-4177-bounen-no-xamdou. 10182 | 23.57100766057749 | 24 | 3.2213710469455905 | 328
919-587-hanbun-no-tsuki-ga-noboru-sora. 10103 | 21.775710185093534 | 22 | 1.2174601603484114 | 123
920-9000-toaru-hikuushi-e-no-tsuioku. 10067 | 26.820303963444918 | 27 | 0.7946756729909606 | 80
921-z14921-rdg-red-data-girl. 10067 | 17.880202642296613 | 18 | 0.9933445912387007 | 100
922-z19117-toaru-hikuushi-e-no-koiuta. 9942 | 23.134178233755787 | 23 | 2.424059545363106 | 241
923-28013-macross. 9935 | 12.078510317060896 | 12 | 4.157020634121792 | 413
924-1690-bokura-no. 9929 | 18.12871386846611 | 18 | 1.7222278175042804 | 171
925-34537-yoru-wa-mijikashi-arukeyo-otome. 9896 | 21.22069523039612 | 21 | 1.2732417138237673 | 126
926-22547-blade-soul. 9890 | 16.177957532861477 | 16 | 3.356926188068756 | 332
927-11739-kimi-to-boku-2. 9780 | 15.337423312883436 | 15 | 0.3783231083844581 | 37
928-35220-youkai-apartment-no-yuuga-na-nichijou. 9759 | 16.395122451070804 | 16 | 0.7992622194897018 | 78
929-18001-freezing-vibration. 9747 | 15.389350569405972 | 15 | 1.5184159228480558 | 148
930-23327-space-dandy-2nd-season. 9695 | 15.471892728210419 | 15 | 1.701908200103146 | 165
931-z34525-centaur-no-nayami. 9677 | 15.500671695773482 | 15 | 2.5731115014983983 | 249
932-392-yuu-yuu-hakusho. 9664 | 9.312913907284768 | 9 | 5.349751655629139 | 517
933-z235-detective-conan-tv. 9659 | 15.52955792525106 | 15 | 6.211823170100424 | 600
934-z31251-mobile-suit-gundam-iron-blooded-orphans. 9658 | 5.1770552909505065 | 5 | 6.543797887761442 | 632
935-19383-yami-shibai. 9652 | 21.757148777455452 | 21 | 0.6837961044343142 | 66
936-2403-kodomo-no-jikan-tv. 9520 | 15.756302521008404 | 15 | 1.3760504201680672 | 131
937-z10397-mashiro-iro-symphony-the-color-of-lovers. 9514 | 17.868404456590287 | 17 | 1.6291780533949969 | 155
938-18119-servant-x-service. 9471 | 15.837820715869496 | 15 | 0.9925034315278217 | 94
939-y14515-sasami-san-ganbaranai. 9318 | 20.390641768619876 | 19 | 3.4986048508263576 | 326
940-17269-captain-herlock. 9298 | 17.208001720800173 | 16 | 1.710045171004517 | 159
941-710-rec. 9271 | 20.494013590766908 | 19 | 1.2404271383885235 | 115
942-35248-18if. 9233 | 21.661431820643344 | 20 | 1.321347341059244 | 122
943-38328-azur-lane. 9072 | 3.3068783068783065 | 3 | 9.303350970017636 | 844
944-37259-hanebado. 9071 | 20.945871458494103 | 19 | 3.230073861757248 | 293
945-w15439-kono-danshi-ningyo-hiroimashita. 9024 | 17.73049645390071 | 16 | 0.6981382978723404 | 63
946-885-tenshi-no-tamago. 9012 | 24.411895250776745 | 22 | 1.5090989791389258 | 136
947-35222-gakuen-babysitters. 9004 | 16.65926254997779 | 15 | 0.8107507774322522 | 73
948-34368-vatican-kiseki-chousakan. 8999 | 16.6685187243027 | 15 | 1.4557173019224359 | 131
949-357-bokusatsu-tenshi-dokuro-chan. 8995 | 16.67593107281823 | 15 | 0.9005002779321845 | 81
950-5835-hanasakeru-seishounen. 8993 | 26.687423551651285 | 24 | 1.0563771822528634 | 95
951-14669-aura-maryuuin-kouga-saigo-no-tatakai. 8982 | 30.060120240480963 | 27 | 2.015141393898909 | 181
952-37407-penguin-highway. 8959 | 23.44011608438442 | 21 | 1.4398928451836144 | 129
953-9314-fractale. 8930 | 17.91713325867861 | 16 | 0.6942889137737962 | 62
954-243-gravitation. 8917 | 23.550521475832678 | 21 | 0.616799371986094 | 55
955-21439-uta-no-prince-sama-maji-love-revolutions. 8913 | 34.78065746662179 | 31 | 3.2761135420172782 | 292
956-12029-uchuu-senkan-yamato-2199. 8835 | 18.109790605546124 | 16 | 3.950198075834748 | 349
957-34350-alice-to-zouroku. 8619 | 20.884093282283327 | 18 | 1.9143752175426385 | 165
958-36538-natsume-yuujinchou-movie-utsusemi-ni-musubu. 8571 | 19.834325049585814 | 17 | 1.6100805040252013 | 138
959-30279-yuru-yuri-san-hai. 8475 | 5.899705014749262 | 5 | 8.106194690265486 | 687
960-2926-myself-yourself. 8412 | 32.09700427960057 | 27 | 1.9020446980504042 | 160
961-6408-bungaku-shoujo-movie. 8391 | 29.7938267191038 | 25 | 1.716124419020379 | 144
962-z28817-mikagura-gakuen-kumikyoku-tv. 8150 | 11.042944785276074 | 9 | 5.889570552147239 | 480
963-30895-haruchika-haruta-to-chika-wa-seishun-suru. 7938 | 5.039052658100277 | 4 | 6.752330561854371 | 536
964-4983-hells. 7895 | 25.3324889170361 | 20 | 1.9632678910702976 | 155
965-10417-gyo. 7735 | 25.85649644473174 | 20 | 1.8487394957983194 | 143
966-38917-tong-ling-fei. 7724 | 23.30398757120663 | 18 | 2.2527187985499744 | 174
967-31178-uta-no-prince-sama-maji-love-legend-star. 7705 | 23.36145360155743 | 18 | 2.4140168721609347 | 186
968-z14751-bishoujo-senshi-sailor-moon-crystal. 7643 | 37.943216014653935 | 29 | 14.038989925421955 | 1073
969-8426-hourou-musuko. 7621 | 6.5608187901850155 | 5 | 6.219656213095394 | 474
970-z19365-samurai-flamenco. 7552 | 22.510593220338983 | 17 | 5.203919491525424 | 393
971-x13585-natsuyuki-rendezvous. 7347 | 28.583095140873827 | 21 | 0.9255478426568666 | 68
972-160-ima-soko-ni-iru-boku. 7293 | 26.052378993555465 | 19 | 1.494583847525024 | 109
973-27727-binan-koukou-chikyuu-boueibu-love. 7201 | 24.996528259963895 | 18 | 3.2634356339397304 | 235
974-35434-konbini-kareshi. 7193 | 25.02432920895315 | 18 | 1.4597525371889337 | 105
975-35044-tu-bian-ying-xiong-leaf. 7182 | 25.062656641604008 | 18 | 0.7101086048454469 | 51
976-31733-bishoujo-senshi-sailor-moon-crystal-season-iii. 7063 | 22.653263485770918 | 16 | 2.7750247770069376 | 196
977-31433-ginga-eiyuu-densetsu-die-neue-these-kaikou. 7049 | 18.44233224570861 | 13 | 7.745779543197617 | 546
978-39806-mugen-no-juunin-immortal. 7045 | 1.4194464158978 | 1 | 6.855926188786373 | 483
979-35835-rerided-tokigoe-no-derrida. 6971 | 25.82125950365801 | 18 | 1.5923110027255776 | 111
980-y2927-kimikiss-pure-rouge. 6849 | 23.361074609432034 | 16 | 0.8760402978537012 | 60
981-y4744-akaneiro-ni-somaru-saka. 6771 | 23.630187564613795 | 16 | 1.7574952001181512 | 119
982-26165-yuri-kuma-arashi. 6459 | 30.964545595293387 | 20 | 6.069050936677504 | 392
983-3089-the-sky-crawlers. 6231 | 24.073182474723158 | 15 | 2.278927940940459 | 142
984-z2158-toward-the-terra. 5966 | 28.49480388870265 | 17 | 1.542071739859202 | 92
985-949-top-wo-nerae-gunbuster. 5495 | 38.21656050955414 | 21 | 3.257506824385805 | 179
986-13171-wasurenagumo. 5174 | 32.85659064553537 | 17 | 2.2033243138770775 | 114
987-634-koi-kaze. 5161 | 32.939352838597166 | 17 | 1.7244720015500874 | 89
988-1002-top-wo-nerae-2-diebuster. 5131 | 35.080880919898654 | 18 | 3.293704930812707 | 169
989-37981-kaijuu-no-kodomo. 5112 | 29.342723004694832 | 15 | 2.621283255086072 | 134
990-z93-mobile-suit-gundam-seed. 4582 | 32.73679615888258 | 15 | 6.001745962461807 | 275
991-23605-ninja-slayer-from-animation. 4062 | 14.771048744460858 | 6 | 15.731166912850814 | 639
992-106-hana-yori-dango. 4023 | 42.257022122793934 | 17 | 1.715137956748695 | 69
