1-z1535-death-note. 166984 | 13.414458870310929 | 224 | 1.8828151200114982 | 3144
2-16498-shingeki-no-kyojin. 152211 | 10.446025582907938 | 159 | 5.75385484623319 | 8758
3-20507-noragami. 148495 | 6.128152463045894 | 91 | 0.6916057779723224 | 1027
4-22319-tokyo-ghoul. 148224 | 9.377698618307427 | 139 | 2.0334088946459414 | 3014
5-z11757-sword-art-online. 147287 | 14.597350750575407 | 215 | 4.001710945297276 | 5894
6-z30276-one-punch-man. 145702 | 8.235988524522655 | 120 | 2.2758781622764275 | 3316
7-32281-kimi-no-na-wa. 143349 | 19.88154783081849 | 285 | 2.1946438412545604 | 3146
8-z19815-no-game-no-life. 143108 | 10.900858093188361 | 156 | 2.277999832294491 | 3260
9-z9253-steins-gate. 139652 | 13.533640764185261 | 189 | 2.906510468879787 | 4059
10-z31240-re-zero-kara-hajimeru-isekai-seikatsu. 133470 | 19.255263355061064 | 257 | 7.063010414325317 | 9427
11-z199-sen-to-chihiro-no-kamikakushi. 131802 | 4.400540204245763 | 58 | 0.45978057996085037 | 606
12-10620-mirai-nikki. 130948 | 14.051379173412348 | 184 | 2.9118428689250697 | 3813
13-z31043-boku-dake-ga-inai-machi. 130017 | 20.30503703361868 | 264 | 1.9935854542098341 | 2592
14-y28851-koe-no-katachi. 128662 | 25.33770654894219 | 326 | 2.2228785499992227 | 2860
15-z22199-akame-ga-kill. 124270 | 15.450229339341755 | 192 | 2.6941337410477186 | 3348
16-x30831-kono-subarashii-sekai-ni-shukufuku-wo. 122622 | 7.910489145504069 | 97 | 0.9639379556686402 | 1182
17-z5114-fullmetal-alchemist-brotherhood. 120304 | 10.307221705013964 | 124 | 2.3141375182870063 | 2784
18-22535-kiseijuu-sei-no-kakuritsu. 119633 | 11.368100774869811 | 136 | 2.1173087693195023 | 2533
19-4224-toradora. 119102 | 11.754630484794546 | 140 | 2.1393427482326075 | 2548
20-31964-boku-no-hero-academia. 116443 | 6.1832828078974265 | 72 | 0.9858900921480898 | 1148
21-431-howl-no-ugoku-shiro. 116432 | 5.754431771334342 | 67 | 0.5187577298337227 | 604
22-z9919-ao-no-exorcist. 116011 | 4.913327184491126 | 57 | 0.44995733163234525 | 522
23-z13601-psycho-pass. 114272 | 12.776533183982078 | 146 | 1.0842551106132736 | 1239
24-y6547-angel-beats. 114203 | 15.848970692538725 | 181 | 2.9578907734472826 | 3378
25-28223-death-parade. 113165 | 13.520081297220873 | 153 | 1.2203419785269298 | 1381
26-z30503-noragami-aragoto. 111856 | 5.185238163352882 | 58 | 0.7831497639822629 | 876
27-25777-shingeki-no-kyojin-season-2. 111317 | 6.557848307086968 | 73 | 4.099104359621621 | 4563
28-1575-code-geass. 110917 | 7.663387938728959 | 85 | 1.3217090256678417 | 1466
29-23283-zankyou-no-terror. 110683 | 20.509021258910582 | 227 | 1.7292628497601257 | 1914
30-23755-nanatsu-no-taizai. 109497 | 6.849502726102085 | 75 | 1.0137264034631086 | 1110
31-z20-naruto. 109196 | 3.8462947360709183 | 42 | 1.0531521301146562 | 1150
32-15809-hataraku-maou-sama. 107051 | 7.37966016197887 | 79 | 0.7183491980457913 | 769
33-11111-another. 106467 | 14.84027914752928 | 158 | 1.3046296035391247 | 1389
34-z2001-tengen-toppa-gurren-lagann. 106356 | 12.505171311444581 | 133 | 1.7601263680469368 | 1872
35-27899-tokyo-ghoul-a. 105941 | 11.138275077637553 | 118 | 3.6369299893336855 | 3853
36-29803-overlord. 105000 | 7.714285714285714 | 81 | 2.3285714285714283 | 2445
37-y32937-kono-subarashii-sekai-ni-shukufuku-wo-2. 103204 | 5.232355335064533 | 54 | 1.050346885779621 | 1084
38-33486-boku-no-hero-academia-2nd-season. 103026 | 4.076640847941296 | 42 | 0.749325413002543 | 772
39-35849-darling-in-the-franxx. 102679 | 41.391131584842086 | 425 | 24.085742946464222 | 24731
40-z23273-shigatsu-wa-kimi-no-uso. 102556 | 26.61960294863294 | 273 | 3.192402199773782 | 3274
41-y21881-sword-art-online-ii. 102123 | 8.225375282747274 | 84 | 3.9716812079551125 | 4056
42-13759-sakura-sou-no-pet-na-kanojo. 101427 | 14.788961519122127 | 150 | 1.224526013783312 | 1242
43-z226-elfen-lied. 100698 | 11.8175137539971 | 119 | 2.4260660589088165 | 2443
44-28999-charlotte. 99549 | 16.67520517534079 | 166 | 2.7072095149122544 | 2695
45-z24833-ansatsu-kyoushitsu. 98899 | 6.269021931465434 | 62 | 0.7270043175360722 | 719
46-33352-violet-evergarden. 98639 | 22.30355133365099 | 220 | 3.595940753657276 | 3547
47-z6746-durarara. 98193 | 9.87850457771939 | 97 | 0.8340716751703278 | 819
48-z18679-kill-la-kill. 98157 | 10.187760424625854 | 100 | 3.0879101847040964 | 3031
49-26243-owari-no-seraph. 97201 | 9.36204360037448 | 91 | 1.5884610240635384 | 1544
50-z1735-naruto-shippuuden. 96678 | 10.343614886530546 | 100 | 2.342828771799168 | 2265
51-28121-dungeon-ni-deai-wo-motomeru-no-wa-machigatteiru-darou-ka. 96360 | 8.717310087173102 | 84 | 1.0481527604815277 | 1010
52-18153-kyoukai-no-kanata. 96124 | 11.547584370188506 | 111 | 1.0267987183221672 | 987
53-z2025-darker-than-black. 95837 | 7.199724532278765 | 69 | 0.7324937132840135 | 702
54-2966-ookami-to-koushinryou. 94900 | 8.324552160168599 | 79 | 1.1095890410958904 | 1053
55-6702-fairy-tail. 94198 | 8.81122741459479 | 83 | 1.7633070765833667 | 1661
56-31478-bungou-stray-dogs. 93930 | 9.475141062493346 | 89 | 0.5844778026189715 | 549
57-y5081-bakemonogatari. 93430 | 11.666488279995718 | 109 | 4.422562346141496 | 4132
58-z32182-mob-psycho-100. 93324 | 6.6435214950066435 | 62 | 0.9815267241009815 | 916
59-z121-fullmetal-alchemist. 92616 | 5.290662520514814 | 49 | 1.014943422302842 | 940
60-10793-guilty-crown. 91382 | 17.071195640279267 | 156 | 2.405287693418835 | 2198
61-14813-yahari-ore-no-seishun-love-comedy-wa-machigatteiru. 89903 | 10.12202039976419 | 91 | 1.719631158025872 | 1546
62-z35790-tate-no-yuusha-no-nariagari. 88114 | 22.697868670131875 | 200 | 6.871779739882425 | 6055
63-2904-code-geass-hangyaku-no-lelouch-r2. 87526 | 10.282658867079498 | 90 | 1.4384297237392318 | 1259
64-z38000-kimetsu-no-yaiba. 87411 | 18.418734484218234 | 161 | 5.3780416652366405 | 4701
65-7054-kaichou-wa-maid-sama. 86396 | 10.532895041437103 | 91 | 0.853048752257049 | 737
66-14741-chuunibyou-demo-koi-ga-shitai. 86017 | 8.951718846274574 | 77 | 0.6905611681411814 | 594
67-36456-boku-no-hero-academia-3rd-season. 85757 | 5.130776496379304 | 44 | 1.5392329489137913 | 1320
68-z34134-one-punch-man-2nd-season. 85353 | 10.661605333145877 | 91 | 3.0813211017773248 | 2630
69-1689-byousoku-5-centimeter. 84855 | 13.19898650639326 | 112 | 1.0771315773967356 | 914
70-z4898-kuroshitsuji. 84823 | 7.898801032738762 | 67 | 0.5316954128007734 | 451
71-3588-soul-eater. 84599 | 7.919715363065757 | 67 | 0.4870033924750884 | 412
72-10408-hotarubi-no-mori-e. 84286 | 14.949101867451297 | 126 | 0.9028782953278124 | 761
73-28171-shokugeki-no-souma. 83556 | 8.377615012686103 | 70 | 1.8454689070802814 | 1542
74-30-neon-genesis-evangelion. 83038 | 16.98017774994581 | 141 | 6.371781593969026 | 5291
75-z37450-seishun-buta-yarou-wa-bunny-girl-senpai-no-yume-wo-minai. 82899 | 27.50334744689321 | 228 | 3.395698379956332 | 2815
76-z33674-no-game-no-life-zero. 82475 | 12.003637465898757 | 99 | 1.445286450439527 | 1192
77-35760-shingeki-no-kyojin-season-3. 82357 | 4.4926357200966525 | 37 | 5.249098437291305 | 4323
78-35062-mahoutsukai-no-yome. 81357 | 14.503976301977703 | 118 | 1.3287117273252456 | 1081
79-37520-dororo. 80999 | 12.592748058618008 | 102 | 2.5210187780096054 | 2042
80-6880-deadman-wonderland. 80745 | 11.14620100315809 | 90 | 0.7542262678803641 | 609
81-z8074-highschool-of-the-dead. 80589 | 10.919604412512873 | 88 | 1.3115933936393305 | 1057
82-y269-bleach. 80308 | 8.21835931663097 | 66 | 1.943766498978931 | 1561
83-12189-hyouka. 79839 | 12.024198699883515 | 96 | 1.3389446260599456 | 1069
84-245-great-teacher-onizuka. 78908 | 8.871090383738023 | 70 | 0.8744360521113196 | 690
85-z523-tonari-no-totoro. 78720 | 3.4298780487804876 | 27 | 0.29090447154471544 | 229
86-x16782-kotonoha-no-niwa. 77922 | 12.191678858345526 | 95 | 1.0664510664510665 | 831
87-11771-kuroko-no-basket. 77557 | 9.541369573346055 | 74 | 0.7903864254677204 | 613
88-34577-nanatsu-no-taizai-imashime-no-fukkatsu. 77509 | 4.257570088634869 | 33 | 0.8837683365802681 | 685
89-2236-toki-wo-kakeru-shoujo. 77386 | 9.433230816943633 | 73 | 0.5763316362132685 | 446
90-z34599-made-in-abyss. 77214 | 21.62820213950838 | 167 | 2.399823866138265 | 1853
91-y28907-gate-jieitai-kanochi-nite-kaku-tatakaeri. 77124 | 6.223743581764431 | 48 | 1.7802499870338675 | 1373
92-164-mononoke-hime. 77026 | 5.4527042816711235 | 42 | 0.34274141199075636 | 264
93-z37430-tensei-shitara-slime-datta-ken. 76642 | 17.875316406148062 | 137 | 2.84830771639571 | 2183
94-z29786-shimoneta-to-iu-gainen-ga-sonzai-shinai-taikutsu-na-sekai. 75772 | 7.918492319062451 | 60 | 1.4583223354273347 | 1105
95-32615-youjo-senki. 75457 | 14.710364843553283 | 111 | 2.2595650502935447 | 1705
96-z30015-relife. 75342 | 11.945528390539142 | 90 | 1.5237185102598816 | 1148
97-11617-high-school-dxd. 74554 | 5.499369584462269 | 41 | 1.1293827292968854 | 842
98-33206-kobayashi-san-chi-no-maid-dragon. 74342 | 7.532754028678271 | 56 | 0.8084259234349358 | 601
99-36511-tokyo-ghoul-re. 74332 | 9.013614593983748 | 67 | 3.370015605661088 | 2505
100-1-cowboy-bebop. 74044 | 11.209551077737562 | 83 | 1.2641132299713684 | 936
101-34933-kakegurui. 73726 | 12.749911835716029 | 94 | 1.1379974500176329 | 839
102-z30654-ansatsu-kyoushitsu-2nd-season. 73650 | 8.010862186014936 | 59 | 0.6055668703326544 | 446
103-z37779-yakusoku-no-neverland. 73634 | 18.877149143058915 | 139 | 2.4255099546405194 | 1786
104-z20787-black-bullet. 73523 | 10.880948818736995 | 80 | 0.9452824286277763 | 695
105-37349-goblin-slayer. 73475 | 17.556992174208915 | 129 | 4.5253487580809795 | 3325
106-z20785-mahouka-koukou-no-rettousei. 73102 | 12.85874531476567 | 94 | 2.376131979973188 | 1737
107-z14713-kamisama-hajimemashita. 72721 | 8.938270925867355 | 65 | 0.5789249322754088 | 421
108-14719-jojo-no-kimyou-na-bouken-tv. 72711 | 9.214561758193396 | 67 | 2.333897209500626 | 1697
109-z31798-kiznaiver. 72691 | 15.1325473579948 | 110 | 1.456851604737863 | 1059
110-16592-danganronpa-kibou-no-gakuen-to-zetsubou-no-koukousei-the-animation. 72528 | 14.201411868519743 | 103 | 1.0506287227001987 | 762
111-z20583-haikyuu. 72292 | 8.714657223482543 | 63 | 0.8106014496763128 | 586
112-z31765-sword-art-online-movie-ordinal-scale. 72121 | 14.142898739618142 | 102 | 2.3058471180377422 | 1663
113-30240-prison-school. 71724 | 10.59617422341197 | 76 | 2.4413027717360993 | 1751
114-10719-boku-wa-tomodachi-ga-sukunai. 71280 | 4.068462401795736 | 29 | 1.0535914702581368 | 751
115-35073-overlord-ii. 70621 | 8.496056413814587 | 60 | 3.4366548193880004 | 2427
116-14227-tonari-no-kaibutsu-kun. 70176 | 9.689922480620154 | 68 | 1.3209644322845417 | 927
117-z934-higurashi-no-naku-koro-ni. 69333 | 10.961591161495969 | 76 | 1.9759710383222995 | 1370
118-37999-kaguya-sama-wa-kokurasetai-tensai-tachi-no-renai-zunousen. 69097 | 17.36689002416892 | 120 | 2.409655990853438 | 1665
119-z17265-log-horizon. 69077 | 6.94876731763105 | 48 | 1.9688174066621305 | 1360
120-32998-91-days. 69067 | 15.636990168966367 | 108 | 1.1003807896680036 | 760
121-5680-k-on. 68586 | 7.7275245676960305 | 53 | 1.4434432683054852 | 990
122-23847-yahari-ore-no-seishun-love-comedy-wa-machigatteiru-zoku. 68320 | 11.7096018735363 | 80 | 4.312060889929743 | 2946
123-849-suzumiya-haruhi-no-yuuutsu. 68237 | 7.767047203130267 | 53 | 1.3555695590368861 | 925
124-1210-nhk-ni-youkoso. 68129 | 13.650574645158448 | 93 | 1.4634003141099972 | 997
125-z36474-sword-art-online-alicization. 68043 | 13.520861807974368 | 92 | 6.488544008935526 | 4415
126-z11061-hunter-x-hunter-2011. 67195 | 17.858471612471167 | 120 | 11.938388272936974 | 8022
127-205-samurai-champloo. 66073 | 9.232212855478032 | 61 | 0.9126269429267628 | 603
128-28927-owari-no-seraph-nagoya-kessen-hen. 66062 | 5.4494262965093405 | 36 | 0.7371862795555689 | 487
129-z10087-fate-zero. 66021 | 7.573347874161252 | 50 | 2.1432574483876343 | 1415
130-154-shaman-king. 65862 | 3.1884850141204337 | 21 | 0.4919376878928669 | 324
131-15583-date-a-live. 65745 | 6.692524146322914 | 44 | 0.7665982203969883 | 504
132-y27775-plastic-memories. 65582 | 18.145222774541796 | 119 | 1.901436369735598 | 1247
133-14467-k. 65428 | 11.157302683866234 | 73 | 0.851317478755273 | 557
134-z790-ergo-proxy. 64891 | 13.252993481376462 | 86 | 1.7629563421737993 | 1144
135-32867-bungou-stray-dogs-2nd-season. 64727 | 7.261266550280408 | 47 | 0.6040755789701361 | 391
136-y14345-btooom. 64587 | 13.77986282069147 | 89 | 1.8455726384566555 | 1192
137-889-black-lagoon. 64143 | 6.08016463215004 | 39 | 0.7249427061409663 | 465
138-z32949-kuzu-no-honkai. 64053 | 32.94147034487065 | 211 | 2.7149391909824674 | 1739
139-9989-ano-hi-mita-hana-no-namae-wo-bokutachi-wa-mada-shiranai. 63820 | 16.609213412723285 | 106 | 1.0122218740206832 | 646
140-z37510-mob-psycho-100-ii. 63478 | 10.869907684552128 | 69 | 1.6541163867796718 | 1050
141-z24439-kekkai-sensen. 63474 | 10.713047862116772 | 68 | 1.3281028452594763 | 843
142-z13125-shinsekai-yori. 63320 | 20.214782059380923 | 128 | 2.656348704990524 | 1682
143-5341-ookami-to-koushinryou-ii. 63103 | 4.912603204285058 | 31 | 0.7891859341077285 | 498
144-z32542-sakamoto-desu-ga. 63038 | 9.835337415527142 | 62 | 0.8090358196643295 | 510
145-22043-fairy-tail-2014. 63019 | 6.188609784350751 | 39 | 2.8181976864120344 | 1776
146-z34572-black-clover. 62803 | 15.604350110663503 | 98 | 3.631992102288107 | 2281
147-z11633-blood-lad. 62748 | 6.8528080576273345 | 43 | 0.4828839166188563 | 303
148-z30484-steins-gate-0. 61853 | 16.814059140219552 | 104 | 9.755387774238923 | 6034
149-z30296-rakudai-kishi-no-cavalry. 61098 | 11.62067498117778 | 71 | 1.5581524763494714 | 952
150-35507-youkoso-jitsuryoku-shijou-shugi-no-kyoushitsu-e-tv. 60972 | 21.97730105622253 | 134 | 1.96811651249754 | 1200
151-37675-overlord-iii. 60311 | 10.94327734575782 | 66 | 3.150337417718161 | 1900
152-32282-shokugeki-no-souma-ni-no-sara. 60156 | 3.9896269698783167 | 24 | 0.9824456413325353 | 591
153-16894-kuroko-no-basket-2nd-season. 60003 | 3.3331666749995836 | 20 | 1.03994800259987 | 624
154-z33506-ao-no-exorcist-kyoto-fujouou-hen. 59975 | 5.168820341809087 | 31 | 0.6252605252188412 | 375
155-z918-gintama. 59707 | 11.221464819870368 | 67 | 2.8355134238866464 | 1693
156-z18897-nisekoi. 59638 | 10.228377879875248 | 61 | 2.0959790737449278 | 1250
157-31339-drifters. 59555 | 8.395600705230459 | 50 | 1.2391906640920158 | 738
158-7724-shiki. 59479 | 18.157669093293432 | 108 | 0.9667277526521965 | 575
159-28623-koutetsujou-no-kabaneri. 59281 | 16.362746917224744 | 97 | 3.1190432010256237 | 1849
160-z21-one-piece. 59235 | 12.661433274246644 | 75 | 16.591542162572804 | 9828
161-35994-satsuriku-no-tenshi. 59038 | 19.478979640231714 | 115 | 2.3002134218638846 | 1358
162-4654-toaru-majutsu-no-index. 58712 | 5.790979697506471 | 34 | 1.0832538492982695 | 636
163-33-kenpuu-denki-berserk. 58676 | 12.100347671961279 | 71 | 1.8167564251141866 | 1066
164-8425-gosick. 58589 | 14.84920377545273 | 87 | 1.1316117359913977 | 663
165-z28677-yamada-kun-to-7-nin-no-majo-tv. 58428 | 7.872937632641884 | 46 | 1.156979530362155 | 676
166-z11577-steins-gate-movie-fuka-ryouiki-no-dej-vu. 58367 | 7.024517278599209 | 41 | 0.8446553703291244 | 493
167-33926-quanzhi-gaoshou. 58174 | 17.705504177123803 | 103 | 1.6175611097741258 | 941
168-38524-shingeki-no-kyojin-season-3-part-2. 58144 | 7.567418822234452 | 44 | 5.493258117776555 | 3194
169-31859-hai-to-gensou-no-grimgar. 57870 | 18.489718334197338 | 107 | 2.388111283912217 | 1382
170-z33487-masamune-kun-no-revenge. 57826 | 15.218067997094732 | 88 | 1.9766195137135547 | 1143
171-777-hellsing-ultimate. 57712 | 7.624064319378985 | 44 | 0.9530080399223732 | 550
172-7674-bakuman. 57670 | 9.537020981446158 | 55 | 0.5392751864054102 | 311
173-z30307-monster-musume-no-iru-nichijou. 57493 | 4.870158106204234 | 28 | 2.4037708938479465 | 1382
174-32951-rokudenashi-majutsu-koushi-to-akashic-records. 57369 | 11.678781223308755 | 67 | 0.9691645313671147 | 556
175-7311-suzumiya-haruhi-no-shoushitsu. 57203 | 8.041536283062078 | 46 | 1.1555338006747897 | 661
176-1482-d-gray-man. 56769 | 8.807623879229862 | 50 | 1.137945005196498 | 646
177-11499-sankarea. 56759 | 7.928258073609471 | 45 | 0.6236896351239452 | 354
178-270-hellsing. 56374 | 4.789441941320467 | 27 | 0.34590414020647814 | 195
179-z2167-clannad. 56125 | 9.977728285077951 | 56 | 2.284187082405345 | 1282
180-z31637-gate-jieitai-kanochi-nite-kaku-tatakaeri-2nd-season. 55855 | 10.204995076537463 | 57 | 1.4054247605406858 | 785
181-z1195-zero-no-tsukaima. 55758 | 9.14666953621005 | 51 | 0.6815165536783959 | 380
182-z28891-haikyuu-second-season. 55745 | 3.5877657188985563 | 20 | 0.7408736209525517 | 413
183-43-koukaku-kidoutai. 55587 | 3.9577599078921333 | 22 | 0.8922949610520446 | 496
184-z34618-blend-s. 55236 | 7.9658193931493955 | 44 | 0.8020131798102687 | 443
185-512-majo-no-takkyuubin. 55098 | 3.0854114486914224 | 17 | 0.14701078079059132 | 81
186-z38691-dr-stone. 55001 | 11.090707441682879 | 61 | 2.414501554517191 | 1328
187-z14513-magi-the-labyrinth-of-magic. 54945 | 5.096005096005096 | 28 | 0.5587405587405587 | 307
188-9756-mahou-shoujo-madoka-magica. 54891 | 17.489205880745477 | 96 | 2.8893625548814925 | 1586
189-20899-jojo-no-kimyou-na-bouken-part-3-stardust-crusaders. 54824 | 6.931270976214797 | 38 | 1.2293885889391507 | 674
190-x28805-bakemono-no-ko. 54774 | 8.580713477197211 | 47 | 0.4381640924526235 | 240
191-457-mushishi. 54705 | 9.871126953660543 | 54 | 0.8335618316424459 | 456
192-z17895-golden-time. 54266 | 20.08624184572292 | 109 | 3.8274425975749087 | 2077
193-z11013-inu-x-boku-ss. 54058 | 11.099189759147581 | 60 | 0.6123053017129749 | 331
194-z14075-zetsuen-no-tempest. 54049 | 17.391626117041945 | 94 | 1.2525671150252549 | 677
195-7088-ichiban-ushiro-no-daimaou. 53986 | 5.742229466898825 | 31 | 0.26117882413959176 | 141
196-6045-kimi-ni-todoke. 53802 | 11.152001784320285 | 60 | 0.5966320954611353 | 321
197-11843-danshi-koukousei-no-nichijou. 53760 | 10.788690476190476 | 58 | 0.7217261904761905 | 388
198-z25157-trinity-seven. 53722 | 6.887308737574923 | 37 | 1.1205837459513792 | 602
199-z16742-watashi-ga-motenai-no-wa-dou-kangaetemo-omaera-ga-warui. 53714 | 17.686264288639833 | 95 | 1.4223479912127193 | 764
200-y32995-yuri-on-ice. 53648 | 19.75842529078437 | 106 | 4.246197435132717 | 2278
201-24415-kuroko-no-basket-3rd-season. 53530 | 9.153745563235569 | 49 | 1.2647113767980571 | 677
202-12445-tasogare-otome-x-amnesia. 53492 | 18.69438420698422 | 100 | 1.6170642339041352 | 865
203-9513-beelzebub. 53424 | 6.551362683438155 | 35 | 0.5053908355795148 | 270
204-23289-gekkan-shoujo-nozaki-kun. 53398 | 11.798194688939661 | 63 | 1.5936926476647066 | 851
205-8769-ore-no-imouto-ga-konnani-kawaii-wake-ga-nai. 53280 | 9.384384384384385 | 50 | 1.6572822822822821 | 883
206-z32901-eromanga-sensei. 53229 | 14.65366623457138 | 78 | 1.705837043716771 | 908
207-37799-tokyo-ghoul-re-2nd-season. 52819 | 18.364603646415116 | 97 | 1.9992805619190062 | 1056
208-12477-sakasama-no-patema. 52217 | 10.341459677882682 | 54 | 0.923071030507306 | 482
209-7791-k-on. 52121 | 3.069779935150899 | 16 | 0.7559333090309089 | 394
210-z25681-kamisama-hajimemashita. 52052 | 2.8817336509644202 | 15 | 0.685852608929532 | 357
211-12355-ookami-kodomo-no-ame-to-yuki. 51954 | 9.238942141124841 | 48 | 0.523540054663741 | 272
212-z23281-psycho-pass-2. 51855 | 12.920644103750842 | 67 | 1.6700414617683925 | 866
213-18277-strike-the-blood. 51678 | 8.90127326908936 | 46 | 0.8707767328456983 | 450
214-15451-high-school-dxd-new. 51650 | 4.453049370764763 | 23 | 1.6050338818973862 | 829
215-x11597-nisemonogatari. 51497 | 6.019768141833505 | 31 | 0.9185001068023381 | 473
216-5530-pandora-hearts. 51449 | 11.66203424750724 | 60 | 1.1078932535131878 | 570
217-28497-rokka-no-yuusha. 51215 | 14.64414722249341 | 75 | 2.2493410133749876 | 1152
218-x11887-kokoro-connect. 51194 | 14.454818924092667 | 74 | 1.027464155955776 | 526
219-z34566-boruto-naruto-next-generations. 51175 | 19.345383488031267 | 99 | 5.283829995114802 | 2704
220-35788-shokugeki-no-souma-san-no-sara. 51103 | 3.130931647848463 | 16 | 1.399135080132282 | 715
221-z356-fate-stay-night. 50844 | 9.047281881834632 | 46 | 2.773188576823224 | 1410
222-31933-jojo-no-kimyou-na-bouken-part-4-diamond-wa-kudakenai. 50652 | 9.27900181631525 | 47 | 3.8162362789228457 | 1933
223-z21603-mekakucity-actors. 50644 | 17.37619461337967 | 88 | 4.1505410315140985 | 2102
224-34542-inuyashiki. 50610 | 20.74688796680498 | 105 | 1.7526180596720016 | 887
225-25781-shingeki-no-kyojin-kuinaki-sentaku. 50580 | 2.965599051008304 | 15 | 0.5773032819296164 | 292
226-z28725-kokoro-ga-sakebitagatterunda. 50515 | 19.79610016826685 | 100 | 0.8116401068989408 | 410
227-26055-jojo-no-kimyou-na-bouken-part-3-stardust-crusaders-2nd-season. 50389 | 7.7397844767707245 | 39 | 1.153029431026613 | 581
228-35851-sayonara-no-asa-ni-yakusoku-no-hana-wo-kazarou. 50300 | 36.381709741550694 | 183 | 1.6779324055666005 | 844
229-22789-barakamon. 49734 | 14.275948043591908 | 71 | 1.337113443519524 | 665
230-33255-saiki-kusuo-no-nan. 49685 | 9.459595451343464 | 47 | 0.8694777095702929 | 432
231-35968-wotaku-ni-koi-wa-muzukashii. 49542 | 12.110936175366357 | 60 | 0.7387671066973477 | 366
232-x17074-monogatari-series-second-season. 49503 | 3.8381512231581922 | 19 | 3.47049673757146 | 1718
233-4081-natsume-yuujinchou. 49364 | 7.9004942873349 | 39 | 0.6381168462847419 | 315
234-z28825-himouto-umaru-chan. 49269 | 8.524630091944225 | 42 | 0.5886054111104345 | 290
235-23233-shinmai-maou-no-testament. 48958 | 6.12770129498754 | 30 | 0.8313248090199763 | 407
236-z32935-haikyuu-karasuno-koukou-vs-shiratorizawa-gakuen-koukou. 48955 | 6.3323460320702685 | 31 | 0.9314676743948523 | 456
237-37105-grand-blue. 48928 | 14.715500327011119 | 72 | 1.2896500981033354 | 631
238-z11741-fate-zero-2nd-season. 48782 | 9.429707679061949 | 46 | 1.6358492886720513 | 798
239-z15315-mondaiji-tachi-ga-isekai-kara-kuru-sou-desu-yo. 48726 | 9.851003570988794 | 48 | 0.7634527767516316 | 372
240-1818-claymore. 48600 | 13.991769547325102 | 68 | 1.1378600823045268 | 553
241-31404-netoge-no-yome-wa-onnanoko-ja-nai-to-omotta. 48355 | 6.824526936201013 | 33 | 0.8540998862578845 | 413
242-z30544-gakusen-toshi-asterisk. 48310 | 7.24487683709377 | 35 | 1.0225626164355206 | 494
243-37210-isekai-maou-to-shoukan-shoujo-no-dorei-majutsu. 48306 | 15.111994369229496 | 73 | 2.0018217198691675 | 967
244-32-neon-genesis-evangelion-the-end-of-evangelion. 48085 | 6.030986794218571 | 29 | 1.6366850369137986 | 787
245-25183-gangsta. 47908 | 5.218335142356183 | 25 | 3.2583284628872007 | 1561
246-33502-shuumatsu-nani-shitemasu-ka-isogashii-desu-ka-sukutte-moratte-ii-desu-ka. 47886 | 17.332832143006307 | 83 | 2.756546798646786 | 1320
247-31580-ajin. 47723 | 10.477128428640277 | 50 | 1.5296607505814808 | 730
248-z9260-kizumonogatari-i-tekketsu-hen. 47609 | 5.251107983784578 | 25 | 1.9681152723224602 | 937
249-z17729-grisaia-no-kajitsu. 47470 | 12.850221192331999 | 61 | 2.6669475458184118 | 1266
250-z22297-fate-stay-night-unlimited-blade-works. 47250 | 4.444444444444445 | 21 | 5.079365079365079 | 2400
251-37521-vinland-saga. 47216 | 12.072178922399187 | 57 | 5.85818366655371 | 2766
252-18671-chuunibyou-demo-koi-ga-shitai-ren. 47170 | 6.995972016111936 | 33 | 0.7589569641721433 | 358
253-6-trigun. 46996 | 7.447442335517916 | 35 | 0.7085709422078474 | 333
254-227-flcl. 46891 | 12.582371883730355 | 59 | 1.546138917916018 | 725
255-14289-sukitte-ii-na-yo. 46885 | 15.783299562759945 | 74 | 1.1026980910739042 | 517
256-z16870-the-last-naruto-the-movie. 46758 | 8.126951537704779 | 38 | 1.7430172376919457 | 815
257-31442-musaigen-no-phantom-world. 46622 | 7.936167474582815 | 37 | 2.636094547638454 | 1229
258-10162-usagi-drop. 46622 | 12.869460769593754 | 60 | 1.5464802024795161 | 721
259-z25013-akatsuki-no-yona. 46163 | 19.06288586097091 | 88 | 4.47111322920954 | 2064
260-11759-accel-world. 46125 | 8.88888888888889 | 41 | 1.5067750677506775 | 695
261-7593-kiss-x-sis-tv. 46036 | 4.778868711443218 | 22 | 1.4749326613954297 | 679
262-37991-jojo-no-kimyou-na-bouken-part-5-ougon-no-kaze. 45824 | 12.220670391061452 | 56 | 11.29320879888268 | 5175
263-38408-boku-no-hero-academia-4th-season. 45762 | 3.7148726017219524 | 17 | 2.4889646431537082 | 1139
264-24703-high-school-dxd-born. 45748 | 3.716009443035761 | 17 | 1.5913263967823732 | 728
265-z12413-jormungand. 45453 | 5.940201966866874 | 27 | 0.7084240864189383 | 322
266-853-ouran-koukou-host-club. 45398 | 10.132604960570951 | 46 | 0.5683069738755011 | 258
267-19-monster. 45069 | 11.981628170139121 | 54 | 3.6677095120814753 | 1653
268-339-serial-experiments-lain. 45059 | 14.203599724805255 | 64 | 2.6653942608579864 | 1201
269-z2251-baccano. 44993 | 13.779921321094392 | 62 | 1.009045851576912 | 454
270-23277-saenai-heroine-no-sodatekata. 44974 | 10.672833192511229 | 48 | 1.5764664028105126 | 709
271-34561-re-creators. 44942 | 16.020648836277868 | 72 | 1.975880023140937 | 888
272-12549-dakara-boku-wa-h-ga-dekinai. 44368 | 7.88856833754057 | 35 | 0.6130544536602958 | 272
273-z20853-hitsugi-no-chaika. 44261 | 5.422380877070107 | 24 | 0.6077585233049412 | 269
274-z36098-kimi-no-suizou-wo-tabetai. 44192 | 25.343953656770456 | 112 | 2.2990586531498916 | 1016
275-z32105-sousei-no-onmyouji. 44012 | 14.087067163500862 | 62 | 1.794965009542852 | 790
276-14967-boku-wa-tomodachi-ga-sukunai-next. 43906 | 10.704687286475652 | 47 | 1.6034254999316722 | 704
277-y31636-dagashi-kashi. 43862 | 7.067621175504993 | 31 | 1.0829419543112488 | 475
278-z6707-kuroshitsuji-ii. 43785 | 6.39488409272582 | 28 | 0.4704807582505424 | 206
279-z15689-nekomonogatari-kuro. 43779 | 3.426300280956623 | 15 | 1.2426049018936018 | 544
280-22145-kuroshitsuji-book-of-circus. 43477 | 9.660280148124295 | 42 | 0.9338270809853486 | 406
281-35120-devilman-crybaby. 43232 | 28.45114729829756 | 123 | 1.963823094004441 | 849
282-z21843-shingeki-no-bahamut-genesis. 42895 | 8.625713952675138 | 37 | 1.7041613241636555 | 731
283-z36475-sword-art-online-alternative-gun-gale-online. 42888 | 13.057265435553068 | 56 | 1.7347509792949074 | 744
284-36038-net-juu-no-susume. 42794 | 16.824788521755384 | 72 | 0.8318923213534607 | 356
285-z32093-tanaka-kun-wa-itsumo-kedaruge. 42733 | 11.934570472468582 | 51 | 1.1279339152411485 | 482
286-2993-rosario-to-vampire. 42713 | 4.448294430267132 | 19 | 0.5853018987193594 | 250
287-z35203-isekai-wa-smartphone-to-tomo-ni. 42626 | 23.225261577441 | 99 | 1.7407216252991131 | 742
288-36949-shokugeki-no-souma-san-no-sara-tootsuki-ressha-hen. 42618 | 4.458210145947722 | 19 | 0.8986813083673564 | 383
289-2034-lovely-complex. 42368 | 14.161631419939576 | 60 | 0.9110649546827795 | 386
290-z1889-higurashi-no-naku-koro-ni-kai. 42313 | 6.617351641339542 | 28 | 0.6971852622125587 | 295
291-z31758-kizumonogatari-iii-reiketsu-hen. 42184 | 6.400531007016879 | 27 | 1.4223402237815286 | 600
292-z4181-clannad-after-story. 42111 | 23.984232148369784 | 101 | 3.6000094987058016 | 1516
293-y14833-maoyuu-maou-yuusha. 42076 | 9.50660709192889 | 40 | 1.1289095921665557 | 475
294-18507-free. 42071 | 11.884671151149247 | 50 | 2.2319412421858287 | 939
295-10161-no-6. 41998 | 14.048288013714938 | 59 | 0.8476594123529693 | 356
296-z6573-darker-than-black-ryuusei-no-gemini. 41947 | 7.151882136982382 | 30 | 0.7032684101366009 | 295
297-z8841-kore-wa-zombie-desu-ka. 41801 | 5.98071816463721 | 25 | 0.4258271333221693 | 178
298-z23199-durarara-x2-shou. 41786 | 5.504235868472694 | 23 | 1.8594744651318624 | 777
299-6114-rainbow-nisha-rokubou-no-shichinin. 41398 | 15.70124160587468 | 65 | 1.647422580801005 | 682
300-z18115-magi-the-kingdom-of-magic. 41327 | 6.533259128414838 | 27 | 0.6872020712851163 | 284
301-33489-little-witch-academia-tv. 41325 | 13.309134906231096 | 55 | 1.8318209316394434 | 757
302-38671-enen-no-shouboutai. 41183 | 8.7414709953136 | 36 | 3.382463637908846 | 1393
303-34497-death-march-kara-hajimaru-isekai-kyousoukyoku. 41146 | 18.227774267243475 | 75 | 2.0925484858795507 | 861
304-10110-mayo-chiki. 40955 | 8.545965083628372 | 35 | 1.0157489927969723 | 416
305-y27631-god-eater. 40942 | 9.769918421181183 | 40 | 1.9661960822627131 | 805
306-z37141-hataraku-saibou-tv. 40929 | 13.193579124825918 | 54 | 1.067702606953505 | 437
307-35557-houseki-no-kuni-tv. 40807 | 14.458303722400569 | 59 | 1.063543019579974 | 434
308-25397-absolute-duo. 40777 | 11.28086911739461 | 46 | 0.8387080952497732 | 342
309-z28701-fate-stay-night-unlimited-blade-works-2nd-season. 40732 | 10.556810370224886 | 43 | 3.8323676716095454 | 1561
310-8861-yosuga-no-sora-in-solitude-where-we-are-least-alone. 40723 | 17.189303342091694 | 70 | 3.960906612970557 | 1613
311-z22147-amagi-brilliant-park. 40631 | 10.82916984568433 | 44 | 1.1272181339371417 | 458
312-z31757-kizumonogatari-ii-nekketsu-hen. 40581 | 5.174835514156871 | 21 | 0.8476873413666495 | 344
313-37982-domestic-na-kanojo. 40534 | 31.578427986381804 | 128 | 3.0196871761977597 | 1224
314-16662-kaze-tachinu. 40489 | 7.9033811652547605 | 32 | 0.6322704932203809 | 256
315-36896-boku-no-hero-academia-the-movie-1-futari-no-hero. 40351 | 4.213030655993656 | 17 | 0.9045624643751085 | 365
316-28675-kyoukai-no-kanata-movie-2-i-ll-be-here-mirai-hen. 40293 | 6.700915791824882 | 27 | 0.4988459533914079 | 201
317-19221-ore-no-nounai-sentakushi-ga-gakuen-love-comedy-wo-zenryoku-de-jama-shiteiru. 40283 | 7.943797631755331 | 32 | 0.7074944765782092 | 285
318-z28755-boruto-naruto-the-movie. 40275 | 5.4624456859093735 | 22 | 0.9708255741775295 | 391
319-1604-katekyo-hitman-reborn. 40154 | 10.459730039348509 | 42 | 1.5216416795337948 | 611
320-1726-devil-may-cry. 40099 | 6.733334995885183 | 27 | 0.46883962193570916 | 188
321-15225-hentai-ouji-to-warawanai-neko. 40065 | 11.730937227006114 | 47 | 0.9734181954324224 | 390
322-30123-akagami-no-shirayuki-hime. 40022 | 12.992853930338315 | 52 | 1.6515916246064664 | 661
323-x1519-black-lagoon-the-second-barrage. 39807 | 5.024241967493154 | 20 | 0.5752757052779661 | 229
324-5630-higashi-no-eden. 39715 | 7.805615006924336 | 31 | 0.7100591715976331 | 282
325-2759-evangelion-1-0-you-are-not-alone. 39703 | 3.7780520363700476 | 15 | 0.7807974208498099 | 310
326-37086-kakegurui. 39637 | 9.587002043545173 | 38 | 1.2791079042308953 | 507
327-35972-fairy-tail-final-series. 39548 | 7.58571862041064 | 30 | 3.4995448568827756 | 1384
328-z22729-aldnoah-zero. 39526 | 15.179881596923545 | 60 | 5.348378282649395 | 2114
329-32729-orange. 39507 | 21.515174526033363 | 85 | 1.4402510947427039 | 569
330-z31181-owarimonogatari. 39398 | 6.091679780699528 | 24 | 1.5076907457231332 | 594
331-3784-evangelion-2-0-you-can-not-advance. 39329 | 5.339571308703501 | 21 | 0.6534618220651428 | 257
332-z33731-gabriel-dropout. 39305 | 11.70334563032693 | 46 | 0.9006487724208115 | 354
333-z21995-ao-haru-ride. 39250 | 14.522292993630574 | 57 | 0.9630573248407643 | 378
334-16011-tokyo-ravens. 39175 | 10.21059349074665 | 40 | 0.8142948308870452 | 319
335-6594-katanagatari. 39144 | 15.583486613529534 | 61 | 1.075516043327202 | 421
336-4382-suzumiya-haruhi-no-yuuutsu-2009. 38985 | 7.182249583173015 | 28 | 1.156855200718225 | 451
337-z3455-to-love-ru. 38804 | 6.1849293887228125 | 24 | 1.0900938047623956 | 423
338-16067-nagi-no-asu-kara. 38574 | 22.813293928552913 | 88 | 1.3039871415979676 | 503
339-37347-dungeon-ni-deai-wo-motomeru-no-wa-machigatteiru-darou-ka-ii. 38443 | 6.503134510834222 | 25 | 1.4775121608615354 | 568
340-z23321-log-horizon-2nd-season. 38378 | 9.640940121944864 | 37 | 1.8291729636771066 | 702
341-34902-tsurezure-children. 38302 | 13.315231580596313 | 51 | 0.6265991332045324 | 240
342-34382-citrus. 37710 | 20.684168655529035 | 78 | 3.0893662158578623 | 1165
343-34176-zero-kara-hajimeru-mahou-no-sho. 37564 | 10.116068576296454 | 38 | 1.3097646682994357 | 492
344-23673-ookami-shoujo-to-kuro-ouji. 37529 | 17.85286045458179 | 67 | 1.020544112552959 | 383
345-14353-death-billiards. 37477 | 5.3366064519572 | 20 | 0.4589481548683192 | 172
346-19163-date-a-live-ii. 37307 | 4.2887393786688826 | 16 | 0.5870212024553033 | 219
347-20541-mikakunin-de-shinkoukei. 37229 | 11.5501356469419 | 43 | 0.870289290606785 | 324
348-31229-servamp. 37159 | 8.880755671573509 | 33 | 1.1248957183993111 | 418
349-y32887-dungeon-ni-deai-wo-motomeru-no-wa-machigatteiru-darou-ka-gaiden-sword-oratoria. 37117 | 7.274294797532128 | 27 | 1.007624538621117 | 374
350-33475-busou-shoujo-machiavellianism. 37069 | 10.790687636569642 | 40 | 1.297580188297499 | 481
351-2890-gake-no-ue-no-ponyo. 36985 | 5.407597674733 | 20 | 0.151412734892524 | 56
352-36649-banana-fish. 36958 | 22.7285026246009 | 84 | 8.111910817684938 | 2998
353-38003-bungou-stray-dogs-3rd-season. 36884 | 7.049126992733977 | 26 | 1.5291183168853704 | 564
354-34451-kekkai-sensen-beyond. 36862 | 6.782051977646357 | 25 | 0.6673539146004015 | 246
355-z8525-kami-nomi-zo-shiru-sekai. 36788 | 6.5238664781994125 | 24 | 0.6686963140154398 | 246
356-z21339-psycho-pass-movie. 36626 | 8.736962813302027 | 32 | 1.3433080325451865 | 492
357-y31163-dimension-w. 36568 | 7.110041566396849 | 26 | 1.0090789761540144 | 369
358-36407-kenja-no-mago. 36348 | 21.184109166941784 | 77 | 2.071640805546385 | 753
359-z28297-ore-monogatari. 36178 | 11.056443142241141 | 40 | 5.066615069932003 | 1833
360-2593-kara-no-kyoukai-1-fukan-fuukei. 36169 | 9.676795045480937 | 35 | 1.4128120766402168 | 511
361-7817-b-gata-h-kei. 36130 | 8.580127318018267 | 31 | 0.8081926376972045 | 292
362-71-full-metal-panic. 36095 | 8.588447153345339 | 31 | 0.7341737082698435 | 265
363-z30187-sakurako-san-no-ashimoto-ni-wa-shitai-ga-umatteiru. 36072 | 11.088933244621868 | 40 | 1.8269017520514526 | 659
364-1943-paprika. 36031 | 9.436318725541895 | 34 | 0.5967083899975021 | 215
365-877-nana. 36020 | 16.65741254858412 | 60 | 2.9983342587451416 | 1080
366-z31737-gakusen-toshi-asterisk-2nd-season. 35892 | 8.358408559010364 | 30 | 1.0698762955533265 | 384
367-37208-mo-dao-zu-shi. 35842 | 22.32018302550081 | 80 | 1.735394230232688 | 622
368-y29095-grisaia-no-rakuen. 35799 | 6.704097879829046 | 24 | 1.7235118299393837 | 617
369-34612-saiki-kusuo-no-nan-2. 35734 | 5.596910505401019 | 20 | 1.1501651088599094 | 411
370-z21431-gokukoku-no-brynhildr. 35681 | 13.172276561755556 | 47 | 1.6030940836859953 | 572
371-z21405-bokura-wa-minna-kawai-sou. 35610 | 12.356079752878404 | 44 | 0.7525975849480483 | 268
372-30911-tales-of-zestiria-the-cross. 35560 | 8.43644544431946 | 30 | 3.017435320584927 | 1073
373-z23317-kuroshitsuji-book-of-murder. 35311 | 5.663957407040299 | 20 | 0.8807453767947665 | 311
374-z22101-soredemo-sekai-wa-utsukushii. 35221 | 14.763919252718548 | 52 | 1.2804860736492434 | 451
375-13161-hagure-yuusha-no-aesthetica. 35206 | 4.260637391353747 | 15 | 0.7356700562404135 | 259
376-x578-hotaru-no-haka. 34869 | 12.905446098253464 | 45 | 0.8574951963061745 | 299
377-z27787-nisekoi. 34859 | 7.745488969849967 | 27 | 1.7355632691700853 | 605
378-8675-seitokai-yakuindomo. 34849 | 6.025997876553129 | 21 | 0.7059026083962237 | 246
379-12365-bakuman-3rd-season. 34841 | 12.628799403002212 | 44 | 0.7864297810051376 | 274
380-467-koukaku-kidoutai-stand-alone-complex. 34659 | 5.193456245131134 | 18 | 1.1973801898496783 | 415
381-y10568-kamisama-no-memochou. 34649 | 6.9266068284798985 | 24 | 1.3449161591965135 | 466
382-z34662-fate-apocrypha. 34581 | 21.68821028888696 | 75 | 5.060582400740291 | 1750
383-38759-sewayaki-kitsune-no-senko-san. 34484 | 15.079457139542978 | 52 | 1.5920426864632873 | 549
384-z20689-hamatora-the-animation. 34478 | 8.99124079122919 | 31 | 0.8875224781019782 | 306
385-47-akira. 34411 | 14.53023742407951 | 50 | 1.5692656418005868 | 540
386-y33988-demi-chan-wa-kataritai. 34398 | 6.977149834292691 | 24 | 0.8576080004651434 | 295
387-z27833-durarara-x2-ketsu. 34366 | 6.110690799045568 | 21 | 1.0126287609846942 | 348
388-z31812-kuroshitsuji-movie-book-of-the-atlantic. 34326 | 9.322379537376914 | 32 | 1.0691604031929152 | 367
389-37497-irozuku-sekai-no-ashita-kara. 34262 | 20.722666511003442 | 71 | 1.106181775728212 | 379
390-y30016-nanbaka. 34213 | 8.768596732236285 | 30 | 0.771636512436793 | 264
391-z35466-relife-kanketsu-hen. 34170 | 11.120866256950542 | 38 | 0.8399180567749487 | 287
392-z9041-is-infinite-stratos. 34150 | 4.978038067349927 | 17 | 0.3455344070278184 | 118
393-z13667-naruto-shippuuden-movie-6-road-to-ninja. 33938 | 5.009134303730332 | 17 | 0.37715834757498967 | 128
394-34280-gamers. 33908 | 22.708505367464905 | 77 | 1.3330187566356022 | 452
395-21855-hanamonogatari. 33827 | 3.5474620864989506 | 12 | 1.2563928223017118 | 425
396-437-perfect-blue. 33551 | 17.287115138147897 | 58 | 0.8554141456290423 | 287
397-y17549-non-non-biyori. 33345 | 8.097165991902834 | 27 | 1.070625281151597 | 357
398-z14749-ore-no-kanojo-to-osananajimi-ga-shuraba-sugiru. 33255 | 7.81837317696587 | 26 | 1.0584874454969178 | 352
399-10165-nichijou. 33252 | 8.72127992301215 | 29 | 1.0044508600986406 | 334
400-1887-lucky-star. 33197 | 7.530800975991807 | 25 | 0.8073018646263216 | 268
401-z10798-un-go. 33153 | 8.445691189334298 | 28 | 0.3257623744457515 | 108
402-38826-tenki-no-ko. 32684 | 26.006608738220535 | 85 | 1.912250642516216 | 625
403-13659-ore-no-imouto-ga-konnani-kawaii-wake-ga-nai. 32613 | 9.812038144298286 | 32 | 3.9677429246006195 | 1294
404-13535-binbougami-ga. 32369 | 5.560876146930705 | 18 | 0.6796626401804196 | 220
405-28249-arslan-senki-tv. 32354 | 9.272423811584348 | 30 | 2.3211967608332817 | 751
406-32189-danganronpa-3-the-end-of-kibougamine-gakuen-mirai-hen. 32271 | 7.746893495708221 | 25 | 1.911933314740789 | 617
407-30749-saijaku-muhai-no-bahamut. 32192 | 7.455268389662027 | 24 | 1.180417495029821 | 380
408-z433-kumo-no-mukou-yakusoku-no-basho. 32122 | 9.028080443309882 | 29 | 0.6693232052798705 | 215
409-z32962-occultic-nine. 32103 | 10.90240787465346 | 35 | 1.4920723919882877 | 479
410-34281-high-school-dxd-hero. 32098 | 10.592560284129853 | 34 | 3.6139323322325376 | 1160
411-228-jigoku-shoujo. 32040 | 10.923845193508116 | 35 | 0.5930087390761548 | 190
412-z38040-kono-subarashii-sekai-ni-shukufuku-wo-kurenai-densetsu. 32036 | 5.618678986140592 | 18 | 2.1787988512922962 | 698
413-585-mimi-wo-sumaseba. 32020 | 5.309181761399126 | 17 | 0.31855090568394756 | 102
414-z5958-sora-no-otoshimono. 32005 | 8.123730667083269 | 26 | 0.5811591938759569 | 186
415-36882-arifureta-shokugyou-de-sekai-saikyou. 31982 | 33.45631917953849 | 107 | 5.190419611031205 | 1660
416-3785-evangelion-3-0-you-can-not-redo. 31883 | 9.409403130194775 | 30 | 1.9697017219207729 | 628
417-z39597-sword-art-online-alicization-war-of-underworld. 31834 | 8.167368222655023 | 26 | 5.132876798391657 | 1634
418-2605-sayonara-zetsubou-sensei. 31741 | 8.82139819161337 | 28 | 0.7498188462871365 | 238
419-z32262-renai-boukun. 31731 | 9.454476694714947 | 30 | 1.1534461567552234 | 366
420-15051-love-live-school-idol-project. 31555 | 10.774837585168754 | 34 | 1.6827761052131198 | 531
421-38101-5-toubun-no-hanayome. 31401 | 13.375370211139773 | 42 | 4.280118467564727 | 1344
422-11319-zero-no-tsukaima-f. 31396 | 9.873869282711173 | 31 | 0.6625047776786852 | 208
423-z34934-koi-to-uso. 31270 | 27.50239846498241 | 86 | 1.7173009274064601 | 537
424-32827-b-the-beginning. 31267 | 20.468864937474013 | 64 | 1.2057440752230788 | 377
425-36266-mahou-shoujo-site. 31155 | 27.28294013801958 | 85 | 1.8937570213448884 | 590
426-202-wolf-s-rain. 31149 | 12.520466146585767 | 39 | 0.9534816527015313 | 297
427-572-kaze-no-tani-no-nausicaa. 31052 | 6.118768517325776 | 19 | 0.885611232770836 | 275
428-10163-c-the-money-of-soul-and-possibility-control. 30963 | 11.626780350741209 | 36 | 0.7299034331298647 | 226
429-z430-fullmetal-alchemist-the-conqueror-of-shamballa. 30952 | 4.846213491858362 | 15 | 0.3876970793486689 | 120
430-34881-aho-girl. 30919 | 13.583880461851935 | 42 | 1.0737734079368673 | 332
431-9760-hoshi-wo-ou-kodomo. 30848 | 8.752593360995851 | 27 | 0.29175311203319504 | 90
432-37976-zombieland-saga. 30829 | 14.921015926562653 | 46 | 1.3688410263063997 | 422
433-x3702-detroit-metal-city. 30805 | 10.712546664502515 | 33 | 1.291998052264243 | 398
434-5682-phantom-requiem-for-the-phantom. 30665 | 13.044187184086091 | 40 | 1.8066199249959236 | 554
435-z34403-hajimete-no-gal. 30501 | 14.097898429559688 | 43 | 1.2950395069014131 | 395
436-6213-toaru-kagaku-no-railgun. 30463 | 5.252273249515806 | 16 | 0.5580540327610544 | 170
437-35860-karakai-jouzu-no-takagi-san. 30430 | 10.187315149523496 | 31 | 0.9760105159382187 | 297
438-20031-d-frag. 30423 | 8.546165729875423 | 26 | 0.8184597179765308 | 249
439-34944-bungou-stray-dogs-dead-apple. 30387 | 18.428933425478 | 56 | 1.0662454339026557 | 324
440-30736-shingeki-no-bahamut-virgin-soul. 30368 | 20.416227608008427 | 62 | 2.0745521601685986 | 630
441-31658-kuroko-no-basket-movie-4-last-game. 30227 | 10.586561683263309 | 32 | 1.0818142720084694 | 327
442-2476-school-days. 30169 | 36.12980211475355 | 109 | 5.19075872584441 | 1566
443-3457-vampire-knight. 30157 | 8.289949265510495 | 25 | 0.901946480087542 | 272
444-z25835-shirobako. 30156 | 14.259185568377768 | 43 | 1.4690277225096167 | 443
445-33161-yahari-ore-no-seishun-love-comedy-wa-machigatteiru-zoku-ova. 30128 | 2.323420074349442 | 7 | 2.130908125331917 | 642
446-z35247-owarimonogatari-2nd-season. 30036 | 9.322146757224663 | 28 | 3.3160207750699158 | 996
447-34636-ballroom-e-youkoso. 30019 | 22.985442553049733 | 69 | 2.185282654318931 | 656
448-38659-shinchou-yuusha-kono-yuusha-ga-ore-tsueee-kuse-ni-shinchou-sugiru. 30018 | 12.325937770670931 | 37 | 2.7183689786128324 | 816
449-4896-umineko-no-naku-koro-ni. 29936 | 14.363976483164084 | 43 | 1.9675307322287547 | 589
450-2418-stranger-mukou-hadan. 29807 | 7.045324923675647 | 21 | 0.3321367464018519 | 99
451-1691-kaze-no-stigma. 29794 | 8.055313150298717 | 24 | 0.808887695509163 | 241
452-31953-new-game. 29782 | 7.3870122893022625 | 22 | 0.8931569404338192 | 266
453-34798-yuru-camp. 29737 | 12.106130409927026 | 36 | 0.921411036755557 | 274
454-27991-k-return-of-kings. 29660 | 8.766014834794335 | 26 | 1.3722184760620364 | 407
455-35076-juuni-taisen. 29572 | 19.951305288786692 | 59 | 1.616393886108481 | 478
456-32899-watashi-ga-motete-dousunda. 29534 | 16.9296404144376 | 50 | 1.550755061962484 | 458
457-38472-isekai-quartet. 29392 | 4.763200870985302 | 14 | 2.279531845400109 | 670
458-26349-danna-ga-nani-wo-itteiru-ka-wakaranai-ken. 29359 | 7.834054293402364 | 23 | 0.48366769985353725 | 142
459-z17513-diabolik-lovers. 29332 | 44.66112096004364 | 131 | 2.9387699440883677 | 862
460-6347-baka-to-test-to-shoukanjuu. 29324 | 7.8434047196835355 | 23 | 0.6922657209111991 | 203
461-34437-code-geass-fukkatsu-no-lelouch. 29313 | 16.374987207041244 | 48 | 7.1435881690717435 | 2094
462-31646-3-gatsu-no-lion. 29298 | 11.263567479008806 | 33 | 1.9011536623660317 | 557
463-34822-tsuki-ga-kirei. 29278 | 26.64116401393538 | 78 | 1.2261766514106156 | 359
464-57-beck. 29235 | 15.73456473405165 | 46 | 1.279288524029417 | 374
465-z36296-hinamatsuri. 29164 | 16.115759155122756 | 47 | 0.8915100809216844 | 260
466-861-xxxholic. 29116 | 9.273251820304987 | 27 | 0.6869075422448139 | 200
467-22877-seireitsukai-no-blade-dance. 29082 | 9.284093253558902 | 27 | 1.0109345987208582 | 294
468-z38329-seishun-buta-yarou-wa-yumemiru-shoujo-no-yume-wo-minai. 28953 | 12.08855731703105 | 35 | 2.279556522640141 | 660
469-34279-grancrest-senki. 28859 | 20.097716483592638 | 58 | 1.8538410894348385 | 535
470-24765-gakkougurashi. 28815 | 18.740239458615303 | 54 | 1.825438139857713 | 526
471-z12531-sakamichi-no-apollon. 28806 | 20.48184406026522 | 59 | 1.152537665764077 | 332
472-7785-yojouhan-shinwa-taikei. 28746 | 12.871356014749878 | 37 | 0.9670910735406666 | 278
473-6956-working. 28730 | 7.657500870170554 | 22 | 0.4907761921336582 | 141
474-32648-handa-kun. 28712 | 11.145165784341042 | 32 | 0.8289217052103649 | 238
475-18677-yuusha-ni-narenakatta-ore-wa-shibushibu-shuushoku-wo-ketsui-shimashita. 28685 | 6.275056649816977 | 18 | 0.6309918075649295 | 181
476-33028-danganronpa-3-the-end-of-kibougamine-gakuen-zetsubou-hen. 28648 | 8.028483663781067 | 23 | 1.28804803127618 | 369
477-z35928-devils-line. 28634 | 14.667877348606552 | 42 | 1.0407208214011314 | 298
478-11285-black-rock-shooter. 28577 | 10.148021135878505 | 29 | 0.4899044686286175 | 140
479-37569-sirius. 28320 | 12.358757062146895 | 35 | 1.1334745762711864 | 321
480-8937-toaru-majutsu-no-index-ii. 28309 | 6.3584019216503584 | 18 | 0.921968278639302 | 261
481-150-blood. 28144 | 11.014781125639567 | 31 | 0.692865264354747 | 195
482-8086-densetsu-no-yuusha-no-densetsu. 28111 | 14.585037885525239 | 41 | 1.252178862367045 | 352
483-z387-haibane-renmei. 28032 | 13.199200913242008 | 37 | 3.296232876712329 | 924
484-6500-seikon-no-qwaser. 27905 | 7.1671743415158575 | 20 | 1.7201218419638058 | 480
485-16524-suisei-no-gargantia. 27826 | 14.015668798964997 | 39 | 1.1248472651477037 | 313
486-24133-taimadou-gakuen-35-shiken-shoutai. 27793 | 9.714676357356169 | 27 | 0.8419386176375345 | 234
487-35838-shoujo-shuumatsu-ryokou. 27783 | 19.43634596695821 | 54 | 1.436130007558579 | 399
488-z19369-outbreak-company. 27539 | 7.2624278296234435 | 20 | 0.7080867133882858 | 195
489-z36563-megalo-box. 27492 | 14.913429361268731 | 41 | 1.5022552015131676 | 413
490-31338-hundred. 27471 | 9.828546467183575 | 27 | 1.135743147318991 | 312
491-6675-redline. 27292 | 14.289901802726074 | 39 | 0.7291513996775612 | 199
492-z16417-tamako-market. 27287 | 6.230072928500751 | 17 | 0.46175834646534974 | 126
493-27989-hibike-euphonium. 27278 | 12.830852701810985 | 35 | 2.7238067306987315 | 743
494-24455-madan-no-ou-to-vanadis. 27276 | 9.16556679865083 | 25 | 1.1365302830327026 | 310
495-9656-kimi-ni-todoke-2nd-season. 27273 | 12.833205001283321 | 35 | 0.5939940600593994 | 162
496-39701-nanatsu-no-taizai-kamigami-no-gekirin. 27229 | 5.141576995115502 | 14 | 2.618531712512395 | 713
497-7193-aoi-bungaku-series. 27157 | 14.360938247965533 | 39 | 1.3587656957690466 | 369
498-15085-amnesia. 27028 | 37.368654728429775 | 101 | 1.32455231611662 | 358
499-35608-chuunibyou-demo-koi-ga-shitai-movie-take-on-me. 27016 | 9.994077583654132 | 27 | 1.16967722830915 | 316
500-323-mousou-dairinin. 26979 | 13.343711775825643 | 36 | 0.971125690351755 | 262
501-36286-re-zero-kara-hajimeru-isekai-seikatsu-memory-snow. 26968 | 3.708098487095817 | 10 | 2.999851676060516 | 809
502-11785-haiyore-nyaruko-san. 26967 | 9.641413579560204 | 26 | 0.7490636704119851 | 202
503-z11433-ano-natsu-de-matteru. 26936 | 12.993762993762994 | 35 | 0.8501633501633502 | 229
504-384-gantz. 26704 | 12.357699221090474 | 33 | 1.329388855602157 | 355
505-25099-ore-ga-ojousama-gakkou-ni-shomin-sample-toshite-gets-sareta-ken. 26697 | 9.364348054088474 | 25 | 0.8390455856463274 | 224
506-5681-summer-wars. 26676 | 11.620932673564253 | 31 | 0.599790073474284 | 160
507-37475-kishuku-gakkou-no-juliet. 26647 | 11.258302998461366 | 30 | 0.8368671895522949 | 223
508-17247-machine-doll-wa-kizutsukanai. 26637 | 11.262529564140106 | 30 | 0.7846228929684275 | 209
509-13331-jormungand-perfect-order. 26577 | 10.91169055950634 | 29 | 0.8842232005117208 | 235
510-z36220-itsudatte-bokura-no-koi-wa-10-cm-datta. 26475 | 10.576015108593014 | 28 | 0.6647780925401322 | 176
511-30778-fairy-tail-movie-2-dragon-cry. 26462 | 9.069609251001436 | 24 | 1.496485526415237 | 396
512-z10800-chihayafuru. 26386 | 10.611688016372318 | 28 | 0.8261957098461306 | 218
513-32379-berserk. 26317 | 15.959265873769807 | 42 | 5.0765664779420145 | 1336
514-37517-happy-sugar-life. 26297 | 32.703350192037114 | 86 | 2.395710537323649 | 630
515-z36793-3d-kanojo-real-girl. 26281 | 18.64464822495339 | 49 | 1.061603439747346 | 279
516-z4975-chaos-head. 26266 | 17.13241452828752 | 45 | 1.3667859590344933 | 359
517-22265-free-eternal-summer. 26258 | 6.474217381369487 | 17 | 1.6985299718181124 | 446
518-32491-kanojo-to-kanojo-no-neko-everything-flows. 26249 | 13.33384128919197 | 35 | 0.7695531258333651 | 202
519-10213-maji-de-watashi-ni-koi-shinasai. 26194 | 6.871802702909063 | 18 | 0.4581201801939375 | 120
520-z3470-special-a. 26179 | 11.841552389319682 | 31 | 0.5882577638565262 | 154
521-16009-kamisama-no-inai-nichiyoubi. 26129 | 17.604960006123463 | 46 | 1.9748172528608061 | 516
522-3002-gyakkyou-burai-kaiji-ultimate-survivor. 26055 | 9.978890807906351 | 26 | 1.427748992515832 | 372
523-30727-saenai-heroine-no-sodatekata. 26019 | 13.836042891732966 | 36 | 1.91014258810869 | 497
524-z36548-kokkoku. 25989 | 15.006348839893802 | 39 | 1.2620724152526068 | 328
525-31764-nejimaki-seirei-senki-tenkyou-no-alderamin. 25696 | 8.172478206724783 | 21 | 1.397104607721046 | 359
526-z15037-corpse-party-tortured-souls-bougyakusareta-tamashii-no-jukyou. 25653 | 29.626164581140607 | 76 | 1.4891045881573306 | 382
527-35413-imouto-sae-ireba-ii. 25446 | 18.077497445571012 | 46 | 1.265424821189971 | 322
528-z9379-denpa-onna-to-seishun-otoko. 25442 | 9.040169797971858 | 23 | 0.7428661268768179 | 189
529-z25537-fate-stay-night-movie-heaven-s-feel-i-presage-flower. 25174 | 10.725351553189798 | 27 | 5.767855724159848 | 1452
530-33337-acca-13-ku-kansatsu-ka. 25160 | 19.07790143084261 | 48 | 1.5182829888712241 | 382
531-37095-violet-evergarden-kitto-ai-wo-shiru-hi-ga-kuru-no-darou. 25138 | 7.160474182512531 | 18 | 0.46940886307582147 | 118
532-21557-omoide-no-marnie. 25124 | 10.746696385925809 | 27 | 0.8159528737462187 | 205
533-34984-koi-wa-ameagari-no-you-ni. 25106 | 25.0936031227595 | 63 | 2.4774954194216523 | 622
534-8630-hidan-no-aria. 25069 | 9.174677889026286 | 23 | 0.6302604810722406 | 158
535-z24231-hitsugi-no-chaika-avenging-battle. 25066 | 8.77682917098859 | 22 | 0.7420410117290354 | 186
536-z7647-arakawa-under-the-bridge. 24992 | 11.603713188220231 | 29 | 0.668213828425096 | 167
537-z29785-jitsu-wa-watashi-wa. 24990 | 6.802721088435374 | 17 | 1.4605842336934773 | 365
538-37055-youjo-senki-movie. 24890 | 18.883085576536764 | 47 | 2.314182402571314 | 576
539-31173-akagami-no-shirayuki-hime-2nd-season. 24768 | 9.286175710594314 | 23 | 1.308139534883721 | 324
540-y8676-amagami-ss. 24732 | 15.364709687853793 | 38 | 1.2291767750283034 | 304
541-z6211-tokyo-magnitude-8-0. 24726 | 21.434926797702825 | 53 | 0.7279786459597185 | 180
542-9289-hanasaku-iroha. 24651 | 17.443511419415035 | 43 | 1.5374629832461157 | 379
543-35839-sora-yori-mo-tooi-basho. 24637 | 11.77091366643666 | 29 | 1.1892681738848074 | 293
544-1559-shijou-saikyou-no-deshi-kenichi. 24562 | 8.14265939255761 | 20 | 0.9893331161957496 | 243
545-z26-texhnolyze. 24544 | 13.03780964797914 | 32 | 4.701760104302477 | 1154
546-1292-afro-samurai. 24521 | 7.748460503242119 | 19 | 0.3017821459157457 | 74
547-31952-kono-bijutsubu-ni-wa-mondai-ga-aru. 24476 | 8.171269815329302 | 20 | 0.6823010295799967 | 167
548-33253-ajin-2nd-season. 24433 | 9.413498137764499 | 23 | 1.7640076945115213 | 431
549-35712-boku-no-kanojo-ga-majimesugiru-sho-bitch-na-ken. 24367 | 11.490950876185005 | 28 | 0.8495095826322485 | 207
550-36028-golden-kamuy. 24306 | 10.696947255821607 | 26 | 1.7032831399654405 | 414
551-z27655-aldnoah-zero-2nd-season. 24304 | 23.864384463462805 | 58 | 9.105497037524687 | 2213
552-7711-karigurashi-no-arrietty. 24108 | 7.466401194624192 | 18 | 0.4355400696864111 | 105
553-z28977-gintama. 24106 | 5.807682734588899 | 14 | 4.733261428689953 | 1141
554-30346-doukyuusei-movie. 24094 | 16.60164356271271 | 40 | 1.0666555989042914 | 257
555-z22663-seiken-tsukai-no-world-break. 24071 | 10.80137925304308 | 26 | 1.1050641851190228 | 266
556-6512-nyan-koi. 24022 | 6.2442760802597626 | 15 | 0.5161934893014737 | 124
557-21327-isshuukan-friends. 23909 | 14.22058639006232 | 34 | 1.1041867079342507 | 264
558-z37786-yagate-kimi-ni-naru. 23890 | 18.417748011720384 | 44 | 3.3486814566764336 | 800
559-34104-knight-s-magic. 23860 | 13.83067896060352 | 33 | 0.972338642078793 | 232
560-237-koukyoushihen-eureka-seven. 23780 | 10.933557611438184 | 26 | 1.1816652649285113 | 281
561-60-chrno-crusade. 23750 | 9.68421052631579 | 23 | 0.5221052631578947 | 124
562-z4722-skip-beat. 23738 | 11.795433482180469 | 28 | 1.2848597185946584 | 305
563-33743-fuuka. 23733 | 22.753128555176335 | 54 | 2.9747608814730544 | 706
564-20431-hoozuki-no-reitetsu. 23722 | 8.85254194418683 | 21 | 0.7672203018295253 | 182
565-z30485-chaos-child. 23573 | 7.211640436092139 | 17 | 2.0913757264667203 | 493
566-14199-oniichan-dakedo-ai-sae-areba-kankeinai-yo-ne. 23488 | 7.237738419618528 | 17 | 0.5364441416893734 | 126
567-759-tokyo-godfathers. 23485 | 6.387055567383436 | 15 | 0.35341707472855016 | 83
568-59-chobits. 23477 | 10.648720023853132 | 25 | 0.8391191378796268 | 197
569-z29854-ushio-to-tora-tv. 23469 | 2.9826579743491415 | 7 | 4.222591503685713 | 991
570-3731-itazura-na-kiss. 23464 | 16.195022161609273 | 38 | 0.7884418683941358 | 185
571-z24405-world-trigger. 23440 | 9.812286689419794 | 23 | 2.286689419795222 | 536
572-36633-date-a-live-iii. 23341 | 14.566642388929353 | 34 | 3.2903474572640414 | 768
573-z11933-oda-nobuna-no-yabou. 23324 | 12.004801920768307 | 28 | 0.9260847196021266 | 216
574-268-golden-boy. 23318 | 8.577064928381509 | 20 | 1.0078051290848271 | 235
575-11665-natsume-yuujinchou-shi. 23261 | 6.878466102059241 | 16 | 0.41700700743734154 | 97
576-38668-dorohedoro. 23224 | 8.61178091629349 | 20 | 7.014295556321047 | 1629
577-z16706-kami-nomi-zo-shiru-sekai-megami-hen. 23181 | 10.784694361761789 | 25 | 1.816142530520685 | 421
578-10495-yuru-yuri. 23138 | 6.050652606102515 | 14 | 2.705506093871553 | 626
579-31845-masou-gakuen-hxh. 23062 | 9.105888474546875 | 21 | 2.0206400138756395 | 466
580-39195-beastars. 23061 | 13.442608733359352 | 31 | 3.0961363340705086 | 714
581-32686-keijo. 23060 | 13.876843018213357 | 32 | 2.5585429314830876 | 590
582-11981-mahou-shoujo-madoka-magica-movie-3-hangyaku-no-monogatari. 23039 | 21.268284213724556 | 49 | 1.840357654412084 | 424
583-z19429-akuma-no-riddle. 22986 | 15.226659705907945 | 35 | 2.497172191768903 | 574
584-14349-little-witch-academia. 22969 | 6.965910575122992 | 16 | 0.8097871043580477 | 186
585-z12293-campione-matsurowanu-kamigami-to-kamigoroshi-no-maou. 22920 | 10.034904013961606 | 23 | 0.9860383944153577 | 226
586-z29758-taboo-tattoo. 22906 | 11.787304636339824 | 27 | 1.6720509910067232 | 383
587-35639-just-because. 22789 | 21.94040984685594 | 50 | 1.6235903286673397 | 370
588-z28979-to-love-ru-darkness-2nd. 22758 | 4.394059231918446 | 10 | 2.0652078390016695 | 470
589-34262-oushitsu-kyoushi-heine. 22712 | 20.25361042620641 | 46 | 1.0655160267699895 | 242
590-z10721-mawaru-penguindrum. 22710 | 18.934390136503744 | 43 | 1.6160281814178774 | 367
591-39017-kyokou-suiri. 22687 | 9.697183409000749 | 22 | 2.4463349054524617 | 555
592-28735-shouwa-genroku-rakugo-shinjuu. 22626 | 15.026960134358703 | 34 | 2.4308317864403786 | 550
593-36516-beatless. 22539 | 13.753937619237766 | 31 | 1.486312613691823 | 335
594-329-planetes. 22457 | 15.14004542013626 | 34 | 1.4961927238722892 | 336
595-14131-girls-panzer. 22445 | 11.138338159946537 | 25 | 1.7643127645355312 | 396
596-31245-zutto-mae-kara-suki-deshita-kokuhaku-jikkou-iinkai. 22367 | 8.047570080922789 | 18 | 0.643805606473823 | 144
597-34964-killing-bites. 22367 | 16.98931461528144 | 38 | 1.573747038047123 | 352
598-28625-shisha-no-teikoku. 22219 | 19.35280615689275 | 43 | 1.3636977361717448 | 303
599-z34012-isekai-shokudou. 22175 | 13.528748590755356 | 30 | 0.7395715896279594 | 164
600-34300-quanzhi-fashi. 22139 | 12.195672794615836 | 27 | 0.5149284068837798 | 114
601-8795-panty-stocking-with-garterbelt. 22119 | 10.398300103983 | 23 | 1.1754600117546001 | 260
602-169-shingetsutan-tsukihime. 22107 | 14.927398561541594 | 33 | 1.8229520061518976 | 403
603-z13599-robotics-notes. 22039 | 17.242161622578156 | 38 | 1.733290984164436 | 382
604-38656-darwin-s-game. 22012 | 9.540250772306015 | 21 | 2.244230419771034 | 494
605-31374-shingeki-kyojin-chuugakkou. 21879 | 6.855889208830385 | 15 | 0.7724301841948901 | 169
606-32370-d-gray-man-hallow. 21855 | 13.726835964310226 | 30 | 3.335621139327385 | 729
607-z16512-devil-survivor-2-the-animation. 21851 | 10.525834057937852 | 23 | 0.8512196238158437 | 186
608-21105-love-stage. 21733 | 15.644411724106199 | 34 | 2.240831914599917 | 487
609-16049-toaru-kagaku-no-railgun-s. 21696 | 9.218289085545722 | 20 | 2.2815265486725664 | 495
610-39063-fairy-gone. 21646 | 11.087498845052204 | 24 | 1.358218608518895 | 294
611-2246-mononoke. 21552 | 12.991833704528583 | 28 | 0.7748700816629547 | 167
612-z12175-koi-to-senkyo-to-chocolate. 21521 | 15.333859950745783 | 33 | 1.7796570791320105 | 383
613-z31904-big-order-tv. 21507 | 15.343841539963734 | 33 | 2.1992839540614684 | 473
614-y8915-dantalian-no-shoka. 21497 | 10.233986137600596 | 22 | 0.5535656138065776 | 119
615-z530-bishoujo-senshi-sailor-moon. 21456 | 8.389261744966444 | 18 | 1.4960850111856823 | 321
616-z25159-inou-battle-wa-nichijou-kei-no-naka-de. 21397 | 16.35743328503996 | 35 | 1.383371500677665 | 296
617-15379-kotoura-san. 21389 | 16.831081396979755 | 36 | 0.8696058721772874 | 186
618-z31376-flying-witch. 21319 | 14.071954594493175 | 30 | 1.622965429898213 | 346
619-z6205-kampfer. 21258 | 8.93781164737981 | 19 | 0.6585755950700912 | 140
620-z38397-nande-koko-ni-sensei-ga. 21207 | 9.430848304805018 | 20 | 1.631536756731268 | 346
621-z36999-zoku-owarimonogatari. 21157 | 3.7812544311575365 | 8 | 3.7292621827291206 | 789
622-z37451-boogiepop-wa-warawanai-2019. 21126 | 13.253810470510272 | 28 | 3.33238663258544 | 704
623-16035-karneval-tv. 21089 | 12.328702167006497 | 26 | 0.578500640144151 | 122
624-z21085-witch-craft-works. 21079 | 7.116087100906115 | 15 | 1.110109587741354 | 234
625-1698-nodame-cantabile. 21076 | 11.861833364964887 | 25 | 1.4376542038337445 | 303
626-37965-kaze-ga-tsuyoku-fuiteiru. 21034 | 20.443092136540837 | 43 | 2.015783968812399 | 424
627-10321-uta-no-prince-sama-maji-love-1000. 21011 | 14.278235210128027 | 30 | 0.7995811717671697 | 168
628-23251-gugure-kokkuri-san. 20969 | 8.58410033859507 | 18 | 1.2494634937288378 | 262
629-10490-blood-c. 20875 | 18.203592814371255 | 38 | 0.9676646706586826 | 202
630-38680-fruits-basket-1st-season. 20775 | 4.813477737665463 | 10 | 2.8640192539109504 | 595
631-z31716-rewrite. 20760 | 13.00578034682081 | 27 | 2.991329479768786 | 621
632-11703-code-breaker. 20749 | 13.012675309653478 | 27 | 0.9157067810496892 | 190
633-39026-dumbbell-nan-kilo-moteru. 20741 | 10.124873439082013 | 21 | 1.4994455426450026 | 311
634-267-gungrave. 20707 | 13.039068913893853 | 27 | 0.922393393538417 | 191
635-12291-acchi-kocchi-tv. 20629 | 14.057879683940083 | 29 | 0.683503805322604 | 141
636-z185-initial-d-first-stage. 20578 | 11.17698512975022 | 23 | 0.962192632908932 | 198
637-21563-kamigami-no-asobi. 20509 | 19.50363255156273 | 40 | 1.6188015017797066 | 332
638-37435-carole-tuesday. 20487 | 24.4057207009323 | 50 | 4.339337140625762 | 889
639-34055-berserk-2nd-season. 20430 | 10.279001468428781 | 21 | 2.980910425844346 | 609
640-36432-toaru-majutsu-no-index-iii. 20395 | 7.354743809757293 | 15 | 5.471929394459426 | 1116
641-37171-asobi-asobase. 20278 | 19.725811223986586 | 40 | 1.1194397869612387 | 227
642-40010-ishuzoku-reviewers. 20163 | 16.862570054059415 | 34 | 12.97425978277042 | 2616
643-z36023-persona-5-the-animation. 20154 | 4.961794184777216 | 10 | 2.396546591247395 | 483
644-7769-ookami-san-to-shichinin-no-nakama-tachi. 20125 | 7.950310559006211 | 16 | 0.4521739130434782 | 91
645-z38883-haikyuu-to-the-top. 20096 | 2.4880573248407645 | 5 | 2.547770700636943 | 512
646-35847-ssss-gridman. 20088 | 23.894862604540023 | 48 | 2.713062524890482 | 545
647-38186-bokutachi-wa-benkyou-ga-dekinai. 20017 | 15.486836189239147 | 31 | 1.2889044312334517 | 258
648-z14829-fate-kaleid-liner-prisma-illya. 19916 | 12.552721430006024 | 25 | 2.043583048804981 | 407
649-z19769-mahou-sensou. 19880 | 13.078470824949699 | 26 | 2.017102615694165 | 401
650-z21511-kantai-collection-kancolle. 19794 | 10.60927553804183 | 21 | 3.3697079923209055 | 667
651-z9926-sekaiichi-hatsukoi. 19782 | 10.110201193003741 | 20 | 0.6116671721767263 | 121
652-16890-makai-ouji-devils-and-realist. 19730 | 12.671059300557527 | 25 | 0.5676634566649772 | 112
653-35240-princess-principal. 19659 | 12.20814893941706 | 24 | 1.0682130321989927 | 210
654-z23421-re-hamatora. 19634 | 16.298258123663032 | 32 | 1.0390139553835185 | 204
655-22961-date-a-live-ii-kurumi-star-festival. 19570 | 7.664793050587634 | 15 | 0.6949412365866121 | 136
656-36027-ousama-game-the-animation. 19522 | 42.00389304374552 | 82 | 2.1360516340538878 | 417
657-20057-space-dandy. 19455 | 11.308147005911076 | 22 | 1.3672577743510665 | 266
658-39491-psycho-pass-3. 19433 | 8.23341738280245 | 16 | 5.341429527093089 | 1038
659-z30205-aoharu-x-kikanjuu. 19411 | 13.394467054762764 | 26 | 1.7979496161970019 | 349
660-z6922-fate-stay-night-movie-unlimited-blade-works. 19402 | 7.731161735903515 | 15 | 0.8143490361818368 | 158
661-263-hajime-no-ippo. 19380 | 9.287925696594426 | 18 | 1.9659442724458205 | 381
662-z31629-granblue-fantasy-the-animation. 19323 | 9.315323707498836 | 18 | 1.2937949593748383 | 250
663-y28621-subete-ga-f-ni-naru. 19319 | 12.940628396914954 | 25 | 2.1636730679641802 | 418
664-37446-hyakuren-no-haou-to-seiyaku-no-valkyria. 19315 | 17.085166968677193 | 33 | 1.4134092674087497 | 273
665-27-trinity-blood. 19272 | 8.821087588210876 | 17 | 0.9443752594437527 | 182
666-6895-hakuouki. 19232 | 10.919301164725457 | 21 | 0.4263727121464226 | 82
667-38778-midara-na-ao-chan-wa-benkyou-ga-dekinai. 19226 | 8.322063871840216 | 16 | 1.1338812025382294 | 218
668-34086-tales-of-zestiria-the-cross-2nd-season. 19185 | 8.861089392754756 | 17 | 1.5063851967683086 | 289
669-34541-mary-to-majo-no-hana. 19176 | 25.552774301209848 | 49 | 1.319357530246141 | 253
670-25731-cross-ange-tenshi-to-ryuu-no-rondo. 19131 | 24.56745596152841 | 47 | 4.401233599916366 | 842
671-36049-dagashi-kashi-2. 19106 | 7.850936878467497 | 15 | 0.8007955616036847 | 153
672-31414-nijiiro-days. 19056 | 9.970612930310663 | 19 | 1.0547858942065491 | 201
673-z44-rurouni-kenshin-meiji-kenkaku-romantan-tsuioku-hen. 18978 | 8.95774054167984 | 17 | 0.8588892401728316 | 163
674-5781-isekai-no-seikishi-monogatari. 18944 | 10.02956081081081 | 19 | 1.2668918918918919 | 240
675-36470-tada-kun-wa-koi-wo-shinai. 18878 | 21.18868524208073 | 40 | 1.5202881661192924 | 287
676-16-hachimitsu-to-clover. 18759 | 12.260781491550722 | 23 | 0.5277466815928354 | 99
677-z32360-qualidea-code. 18745 | 8.535609495865563 | 16 | 2.0538810349426515 | 385
678-10460-kimi-to-boku. 18729 | 9.076832719312296 | 17 | 0.5980030968017513 | 112
679-38366-satsuriku-no-tenshi-ona. 18662 | 12.324509698853285 | 23 | 0.7769799592755332 | 145
680-z8142-colorful-movie. 18551 | 13.476362460244731 | 25 | 0.8355344725351732 | 155
681-32323-aishen-qiaokeli-ing. 18544 | 10.785159620362382 | 20 | 2.5560828300258844 | 474
682-y10357-jinrui-wa-suitai-shimashita. 18521 | 14.038118892068463 | 26 | 2.1435127692889155 | 397
683-34383-netsuzou-trap. 18439 | 13.558218992353165 | 25 | 2.424209555832746 | 447
684-820-ginga-eiyuu-densetsu. 18421 | 12.485749959285599 | 23 | 9.429455512730037 | 1737
685-z33323-kamisama-hajimemashita-kamisama-shiawase-ni-naru. 18416 | 10.317115551694178 | 19 | 0.4506950477845352 | 83
686-z34096-gintama. 18416 | 7.602085143353606 | 14 | 3.144005212858384 | 579
687-z31559-prince-of-stride-alternative. 18404 | 16.844164312106066 | 31 | 2.2984133883938274 | 423
688-z7662-shinrei-tantei-yakumo. 18399 | 12.500679384749171 | 23 | 0.30979944562204464 | 57
689-3092-junjou-romantica. 18381 | 9.248680702899733 | 17 | 0.6691692508568631 | 123
690-21877-high-score-girl. 18361 | 17.42824464898426 | 32 | 1.4105985512771635 | 259
691-z486-kino-no-tabi-the-beautiful-world. 18346 | 14.172026599803772 | 26 | 1.0247465387550418 | 188
692-z19703-kyousou-giga-tv. 18330 | 11.456628477905072 | 21 | 1.3638843426077467 | 250
693-34498-uchiage-hanabi-shita-kara-miru-ka-yoko-kara-miru-ka. 18301 | 18.578219769411508 | 34 | 1.7540025135238513 | 321
694-z16001-kokoro-connect-michi-random. 18300 | 15.846994535519126 | 29 | 2.2568306010928962 | 413
695-37202-radiant. 18297 | 10.930753675465922 | 20 | 1.2515712958408483 | 229
696-z9863-sket-dance. 18287 | 14.217750314431017 | 26 | 0.8585333843714114 | 157
697-34658-nekopara-ova. 18223 | 9.328870109202656 | 17 | 1.4377435109477035 | 262
698-38483-ore-wo-suki-nano-wa-omae-dake-ka-yo. 18156 | 20.378938092090767 | 37 | 3.7343027098479844 | 678
699-z15109-cuticle-tantei-inaba. 18123 | 15.44998068752414 | 28 | 0.706284831429675 | 128
700-38573-tsuujou-kougeki-ga-zentai-kougeki-de-ni-kai-kougeki-no-okaasan-wa-suki-desu-ka. 18057 | 11.629838843661739 | 21 | 3.931993132857064 | 710
701-35889-hakata-tonkotsu-ramens. 18019 | 14.429213607858372 | 26 | 0.8158055385981464 | 147
702-33433-shuumatsu-no-izetta. 18018 | 7.77000777000777 | 14 | 2.6196026196026194 | 472
703-40046-id-invaded. 18001 | 12.777067940669964 | 23 | 3.649797233487029 | 657
704-39534-jibaku-shounen-hanako-kun. 17996 | 6.6681484774394315 | 12 | 3.8175150033340746 | 687
705-9367-freezing. 17948 | 10.586137731223534 | 19 | 3.1479830621796303 | 565
706-z2924-ef-a-tale-of-memories. 17932 | 9.480258755297791 | 17 | 1.5614543832255185 | 280
707-1571-ghost-hunt. 17896 | 16.20473848904783 | 29 | 0.6649530621367903 | 119
708-35905-ryuuou-no-oshigoto. 17893 | 11.177555468619012 | 20 | 0.9556809925669256 | 171
709-33010-flcl-progressive. 17837 | 15.697707013511241 | 28 | 3.0778718394348825 | 549
710-y16918-gin-no-saji. 17816 | 8.98069151324652 | 16 | 1.0103277952402334 | 180
711-z23311-garo-honoo-no-kokuin. 17769 | 9.567223816759524 | 17 | 2.780122685576003 | 494
712-z16201-aku-no-hana. 17747 | 28.17377584943934 | 50 | 3.9161548430720687 | 695
713-2985-majin-tantei-nougami-neuro. 17680 | 10.180995475113123 | 18 | 0.5712669683257918 | 101
714-34712-kujira-no-kora-wa-sajou-ni-utau. 17672 | 13.58080579447714 | 24 | 1.839067451335446 | 325
715-z38572-assassins-pride. 17670 | 11.884550084889643 | 21 | 2.2637238256932655 | 400
716-z32032-seikaisuru-kado. 17650 | 17.56373937677054 | 31 | 1.3314447592067988 | 235
717-31405-joker-game. 17622 | 9.079559641357395 | 16 | 1.8556350017024172 | 327
718-y13655-little-busters. 17607 | 13.630942238882264 | 24 | 2.2093485545521667 | 389
719-z33049-fate-stay-night-movie-heaven-s-feel-ii-lost-butterfly. 17588 | 9.66568114623607 | 17 | 4.105071639754378 | 722
720-z32407-clockwork-planet. 17550 | 19.373219373219374 | 34 | 1.4871794871794872 | 261
721-5177-denpa-teki-na-kanojo. 17536 | 20.529197080291972 | 36 | 1.0378649635036497 | 182
722-z19775-sidonia-no-kishi. 17509 | 13.70723627848535 | 24 | 4.477697184305215 | 784
723-38790-itai-no-wa-iya-nano-de-bougyoryoku-ni-kyokufuri-shitai-to-omoimasu. 17504 | 7.426873857404022 | 13 | 4.021937842778794 | 704
724-3655-nabari-no-ou. 17477 | 8.582708702866624 | 15 | 0.39480460033186476 | 69
725-32438-mayoiga. 17419 | 28.70428842069005 | 50 | 2.10689477007865 | 367
726-10029-coquelicot-zaka-kara. 17385 | 11.504170261719873 | 20 | 0.454414725337935 | 79
727-39196-mairimashita-iruma-kun. 17229 | 8.706251088281386 | 15 | 1.8805502350687793 | 324
728-19111-love-live-school-idol-project-2nd-season. 17229 | 12.769168262812698 | 22 | 1.1027918045156424 | 190
729-67-basilisk-kouga-ninpou-chou. 17148 | 13.995801259622112 | 24 | 0.6123163051084675 | 105
730-36754-kakuriyo-no-yadomeshi. 17140 | 13.418903150525088 | 23 | 0.9743290548424738 | 167
731-1222-bokura-ga-ita. 17129 | 17.514157277132348 | 30 | 1.0391733317765193 | 178
732-19685-kanojo-ga-flag-wo-oraretara. 17125 | 9.343065693430658 | 16 | 0.87007299270073 | 149
733-z33203-fukumenkei-noise. 17113 | 21.62098989072635 | 37 | 1.5134692923508444 | 259
734-3342-mnemosyne-mnemosyne-no-musume-tachi. 17084 | 16.974947319129008 | 29 | 0.9014282369468508 | 154
735-z28617-punch-line. 17069 | 11.131290643857286 | 19 | 1.798582225086414 | 307
736-38297-maou-sama-retry. 17057 | 21.69197396963124 | 37 | 2.1809227882980595 | 372
737-22687-terra-formars. 17053 | 10.555327508356301 | 18 | 2.2400750601067263 | 382
738-27829-heavy-object. 17050 | 10.557184750733137 | 18 | 3.3313782991202348 | 568
739-1562-yamato-nadeshiko-shichihenge. 17020 | 12.338425381903642 | 21 | 0.6110458284371327 | 104
740-37525-babylon. 16974 | 17.674089784376104 | 30 | 3.35807705903146 | 570
741-5040-one-outs. 16954 | 16.515276630883566 | 28 | 1.4391883921198536 | 244
742-31680-super-lovers. 16904 | 11.83151916706105 | 20 | 2.7212494084240415 | 460
743-z37744-isekai-cheat-magician. 16883 | 19.546289166617306 | 33 | 2.4640170585796364 | 416
744-z2104-seto-no-hanayome. 16880 | 11.848341232227488 | 20 | 0.7938388625592417 | 134
745-79-shuffle. 16844 | 13.654713844692473 | 23 | 1.3773450486820233 | 232
746-15605-brothers-conflict. 16782 | 24.43093790966512 | 41 | 1.543320224049577 | 259
747-z32924-urara-meirochou. 16767 | 10.138963440090654 | 17 | 1.0556450169976739 | 177
748-35015-ani-ni-tsukeru-kusuri-wa-nai. 16750 | 10.746268656716417 | 18 | 0.8597014925373134 | 144
749-z12967-arcana-famiglia. 16746 | 13.137465663442015 | 22 | 0.8718499940284248 | 146
750-17777-saikin-imouto-no-yousu-ga-chotto-okashiinda-ga. 16740 | 11.350059737156512 | 19 | 1.4635603345280765 | 245
751-z33654-hitorijime-my-hero. 16722 | 28.106685803133594 | 47 | 1.285731371845473 | 215
752-33036-suki-ni-naru-sono-shunkan-wo-kokuhaku-jikkou-iinkai. 16686 | 9.58887690279276 | 16 | 0.868991969315594 | 145
753-34102-sakurada-reset. 16578 | 18.69948124019785 | 31 | 1.713113765231029 | 284
754-1462-memories. 16573 | 14.481385385868581 | 24 | 0.6637301635189766 | 110
755-20047-sakura-trick. 16546 | 12.087513598452798 | 20 | 1.7768644989725615 | 294
756-10396-ben-to. 16490 | 13.947847180109157 | 23 | 1.1582777440873258 | 191
757-z12467-nazo-no-kanojo-x. 16463 | 19.437526574743366 | 32 | 2.3446516430784183 | 386
758-22865-rokujouma-no-shinryakusha-tv. 16452 | 10.940919037199125 | 18 | 0.6929248723559446 | 114
759-26351-nagato-yuki-chan-no-shoushitsu. 16362 | 21.391027991688055 | 35 | 6.82679379049016 | 1117
760-38940-cop-craft. 16333 | 17.143207004224575 | 28 | 2.9694483560889 | 485
761-39326-kawaikereba-hentai-demo-suki-ni-natte-kuremasu-ka. 16323 | 20.82950438032224 | 34 | 1.9604239416773879 | 320
762-8449-togainu-no-chi. 16299 | 11.657156880790234 | 19 | 0.5092336953187312 | 83
763-21561-ryuugajou-nanana-no-maizoukin-tv. 16251 | 12.306934957848746 | 20 | 0.7753369023444711 | 126
764-6166-asobi-ni-iku-yo. 16237 | 9.238159758576092 | 15 | 0.9238159758576092 | 150
765-z1033-sennen-joyuu. 16221 | 15.412120091239752 | 25 | 0.9678811417298563 | 157
766-16157-choujigen-game-neptune-the-animation. 16183 | 9.268985972934562 | 15 | 0.7168015819069393 | 116
767-10259-da-yu-hai-tang-movie. 16173 | 29.060780312867124 | 47 | 1.2180795152414519 | 197
768-39324-uchi-no-ko-no-tame-naraba-ore-wa-moshikashitara-maou-mo-taoseru-kamo-shirenai. 16158 | 13.615546478524571 | 22 | 1.899987622230474 | 307
769-z38753-araburu-kisetsu-no-otome-domo-yo. 16141 | 26.640232947153212 | 43 | 3.927885508952357 | 634
770-2129-true-tears. 16137 | 16.731734523145565 | 27 | 1.4934622296585487 | 241
771-z35079-kino-no-tabi-the-beautiful-world-the-animated-series. 16113 | 19.859740582138645 | 32 | 2.128715943647986 | 343
772-570-jin-rou. 16097 | 12.424675405355034 | 20 | 1.6649065043175746 | 268
773-34019-tsugumomo. 16047 | 10.593880476101454 | 17 | 1.2151804075528136 | 195
774-32086-blame-movie. 16016 | 21.853146853146853 | 35 | 1.3673826173826173 | 219
775-5525-07-ghost. 15920 | 9.422110552763819 | 15 | 0.6469849246231156 | 103
776-5178-first-squad-the-moment-of-truth. 15896 | 16.356316054353297 | 26 | 2.2206844489179667 | 353
777-153-juuni-kokuki. 15887 | 19.512809215081514 | 31 | 1.057468370365708 | 168
778-34103-danganronpa-3-the-end-of-kibougamine-gakuen-kibou-hen. 15875 | 11.338582677165356 | 18 | 0.8755905511811024 | 139
779-32828-amaama-to-inazuma. 15864 | 13.867876954109935 | 22 | 1.626323751891074 | 258
780-38145-doukyonin-wa-hiza-tokidoki-atama-no-ue. 15856 | 17.658930373360242 | 28 | 1.015388496468214 | 161
781-z18179-yowamushi-pedal. 15781 | 10.138774475635257 | 16 | 0.8237754261453647 | 130
782-z29974-diabolik-lovers-more-blood. 15777 | 19.01502186727515 | 30 | 3.080433542498574 | 486
783-35848-promare. 15685 | 34.42779725852726 | 54 | 2.51832961428116 | 395
784-33263-kubikiri-cycle-aoiro-savant-to-zaregototsukai. 15657 | 12.135147218496519 | 19 | 3.5575142108960853 | 557
785-18245-white-album-2. 15655 | 40.24273395081443 | 63 | 4.624720536569786 | 724
786-z33047-fate-extra-last-encore. 15607 | 11.533286345870442 | 18 | 4.927276222207984 | 769
787-z34126-rewrite-2nd-season. 15604 | 9.612919764163035 | 15 | 1.6982824916688029 | 265
788-39030-hataage-kemono-michi. 15584 | 12.19199178644764 | 19 | 2.419147843942505 | 377
789-38480-toaru-kagaku-no-accelerator. 15551 | 7.716545559771076 | 12 | 3.3181145907015623 | 516
790-5356-canaan. 15545 | 9.64940495336121 | 15 | 0.8684464458025087 | 135
791-35330-poputepipikku. 15432 | 13.608087091757389 | 21 | 2.086573354069466 | 322
792-39198-kanata-no-astra. 15421 | 41.5018481291745 | 64 | 4.189092795538551 | 646
793-39792-eizouken-ni-wa-te-wo-dasu-na. 15399 | 9.091499448016105 | 14 | 2.8183648288849925 | 434
794-z14765-ixion-saga-dt. 15383 | 12.35129688617305 | 19 | 0.780081908600403 | 120
795-97-last-exile. 15352 | 13.027618551328818 | 20 | 0.4559666492965086 | 70
796-z38610-tejina-senpai. 15264 | 10.482180293501049 | 16 | 1.3364779874213837 | 204
797-5507-senjou-no-valkyria. 15258 | 14.418665618036439 | 22 | 0.9699829597588151 | 148
798-36124-itou-junji-collection. 15133 | 18.502610189651755 | 28 | 0.9846031850921826 | 149
799-21743-donten-ni-warau. 15087 | 17.233379730894146 | 26 | 1.2593623649499568 | 190
800-z2923-shugo-chara. 15028 | 11.312217194570136 | 17 | 1.1046047378227308 | 166
801-35180-3-gatsu-no-lion-2nd-season. 15028 | 10.646792653713069 | 16 | 2.2557891935054566 | 339
802-z4725-ga-rei-zero. 15010 | 12.658227848101266 | 19 | 0.5196535642904729 | 78
803-z31537-manaria-friends. 15007 | 11.994402612114346 | 18 | 2.0390484440594387 | 306
804-z31931-full-metal-panic-invisible-victory. 14989 | 24.68476883047568 | 37 | 4.970311561811996 | 745
805-36316-shichisei-no-subaru. 14962 | 18.714075658334448 | 28 | 1.4169228712738937 | 212
806-35484-osake-wa-fuufu-ni-natte-kara. 14950 | 10.702341137123746 | 16 | 0.7491638795986623 | 112
807-8129-kuragehime. 14936 | 12.05141938939475 | 18 | 0.8369041242635245 | 125
808-22273-selector-infected-wixoss. 14921 | 13.403927350713758 | 20 | 0.7841297500167549 | 117
809-38959-lord-el-melloi-ii-sei-no-jikenbo-rail-zeppelin-grace-note. 14917 | 8.044512971777166 | 12 | 2.916135952269223 | 435
810-z29976-dance-with-devils. 14909 | 25.487960292440807 | 38 | 2.4213562277818768 | 361
811-36632-ore-ga-suki-nano-wa-imouto-dakedo-imouto-ja-nai. 14908 | 20.12342366514623 | 30 | 2.3209015293801984 | 346
812-w2596-shinreigari. 14899 | 10.738975770185919 | 16 | 0.6644741257802537 | 99
813-17741-kimi-no-iru-machi. 14864 | 29.60172228202368 | 44 | 2.4085037674919265 | 358
814-34914-new-game. 14826 | 10.791852151625523 | 16 | 0.7756643733980845 | 115
815-z32013-oshiete-galko-chan. 14812 | 12.827437213070484 | 19 | 1.1139616527140155 | 165
816-9941-tiger-bunny. 14798 | 10.812271928639005 | 16 | 0.7568590350047304 | 112
817-37021-iya-na-kao-sare-nagara-opantsu-misete-moraitai. 14780 | 18.26792963464141 | 27 | 2.408660351826793 | 356
818-33836-seiren. 14779 | 8.796264970566344 | 13 | 3.9041883753975237 | 577
819-37447-karakuri-circus-tv. 14771 | 16.248053618576943 | 24 | 1.7940559203845372 | 265
820-y31174-osomatsu-san. 14764 | 9.482525060959091 | 14 | 3.4611216472500677 | 511
821-y32979-flip-flappers. 14734 | 14.252748744400705 | 21 | 1.2420252477263471 | 183
822-36318-quanzhi-fashi-2nd-season. 14724 | 12.904102146155935 | 19 | 0.9032871502309155 | 133
823-19315-pupa. 14699 | 36.73719300632696 | 54 | 4.524117286890265 | 665
824-z32271-dies-irae. 14688 | 13.616557734204793 | 20 | 2.008442265795207 | 295
825-28211-harmony. 14634 | 27.333606669400027 | 40 | 2.309689763564302 | 338
826-31109-hatsukoi-monster. 14615 | 12.316113581936367 | 18 | 1.792678754704071 | 262
827-8516-baka-to-test-to-shoukanjuu-ni. 14544 | 11.688668866886688 | 17 | 0.8732123212321231 | 127
828-24211-orenchi-no-furo-jijou. 14534 | 11.008669327095088 | 16 | 1.1696711160038529 | 170
829-33012-island. 14534 | 22.017338654190176 | 32 | 2.497591853584698 | 363
830-z12461-hiiro-no-kakera. 14495 | 11.728182131769575 | 17 | 0.5243187305967575 | 76
831-36936-mirai-no-mirai. 14442 | 31.159119235562944 | 45 | 1.474864977149979 | 213
832-11179-papa-no-iukoto-wo-kikinasai. 14437 | 18.009281706725776 | 26 | 0.6372515065456812 | 92
833-15227-kono-sekai-no-katasumi-ni. 14324 | 14.66070929907847 | 21 | 0.963418039653728 | 138
834-2216-shigurui. 14306 | 17.47518523696351 | 25 | 0.7059974835733259 | 101
835-z31710-divine-gate. 14304 | 18.8758389261745 | 27 | 1.2164429530201342 | 174
836-34620-kono-yo-no-hate-de-koi-wo-utau-shoujo-yu-no. 14260 | 21.037868162692845 | 30 | 5.385694249649369 | 768
837-38450-mo-dao-zu-shi-2. 14247 | 10.52853232259423 | 15 | 2.7163613392293113 | 387
838-7058-uragiri-wa-boku-no-namae-wo-shitteiru. 14230 | 18.271257905832748 | 26 | 0.5059732958538299 | 72
839-z14397-chihayafuru-2. 14113 | 14.171331396584709 | 20 | 1.6863884361935804 | 238
840-z38084-fate-grand-order-zettai-majuu-sensen-babylonia. 14112 | 8.503401360544217 | 12 | 20.58531746031746 | 2905
841-149-loveless. 14073 | 10.658708164570454 | 15 | 0.5897818517728984 | 83
842-21845-ushinawareta-mirai-wo-motomete. 14058 | 24.896855882771376 | 35 | 1.6645326504481435 | 234
843-y1723-clannad-movie. 14044 | 10.680717744232414 | 15 | 0.60524067217317 | 85
844-36245-evil-or-live. 14039 | 29.916660730821285 | 42 | 1.267896573830045 | 178
845-39523-choujin-koukousei-tachi-wa-isekai-demo-yoyuu-de-ikinuku-you-desu. 14036 | 14.249073810202336 | 20 | 2.208606440581362 | 310
846-4981-casshern-sins. 14014 | 15.698587127158557 | 22 | 1.898101898101898 | 266
847-z9479-coppelion. 13958 | 19.34374552228113 | 27 | 2.041839805129675 | 285
848-z6682-11eyes. 13900 | 17.26618705035971 | 24 | 1.1007194244604317 | 153
849-36873-back-street-girls-gokudolls. 13895 | 11.514933429291112 | 16 | 1.6912558474271322 | 235
850-z4789-ef-a-tale-of-melodies. 13810 | 11.585807385952208 | 16 | 1.66545981173063 | 230
851-24705-ore-twintail-ni-narimasu. 13800 | 13.768115942028986 | 19 | 1.956521739130435 | 270
852-17909-uchouten-kazoku. 13784 | 14.509576320371446 | 20 | 0.812536273940801 | 112
853-39533-given. 13778 | 17.419073885905064 | 24 | 2.5547975032660766 | 352
854-z16668-kakumeiki-valvrave. 13767 | 15.253867945086075 | 21 | 1.9248928597370523 | 265
855-y18195-little-busters-refrain. 13682 | 17.5412951322906 | 24 | 1.644496418652244 | 225
856-y18229-gatchaman-crowds. 13626 | 15.411712901805371 | 21 | 1.3356817848231322 | 182
857-y11837-zetman. 13559 | 12.537797772697102 | 17 | 0.870270668928387 | 118
858-33094-www-working. 13532 | 11.823825007389893 | 16 | 1.06414425066509 | 144
859-16528-hal. 13515 | 12.578616352201257 | 17 | 0.9396966333703292 | 127
860-z23309-rail-wars. 13510 | 18.50481125092524 | 25 | 1.4211695040710584 | 192
861-z256-hoshi-no-koe. 13478 | 14.838996883810653 | 20 | 0.9200178067962606 | 124
862-7-witch-hunter-robin. 13463 | 13.369976973928546 | 18 | 0.6090767288123005 | 82
863-17121-dareka-no-manazashi. 13453 | 15.609901137292796 | 21 | 0.8250947743997622 | 111
864-33095-shouwa-genroku-rakugo-shinjuu-sukeroku-futatabi-hen. 13417 | 13.415815756130282 | 18 | 1.4161138853693076 | 190
865-y145-kareshi-kanojo-no-jijou. 13327 | 15.007128385983341 | 20 | 1.3431379905455092 | 179
866-1827-seirei-no-moribito. 13324 | 17.262083458420896 | 23 | 0.6904833383368358 | 92
867-38080-kono-oto-tomare. 13298 | 15.791848398255377 | 21 | 1.9852609414949616 | 264
868-33003-mahou-shoujo-ikusei-keikaku. 13261 | 15.081818867355404 | 20 | 2.247191011235955 | 298
869-18857-ore-no-imouto-ga-konnani-kawaii-wake-ga-nai-specials. 13256 | 33.946891973445986 | 45 | 4.511164755582378 | 598
870-24873-juuou-mujin-no-fafnir. 13224 | 11.34301270417423 | 15 | 0.7486388384754991 | 99
871-z37956-3d-kanojo-real-girl-2nd-season. 13203 | 22.72210861167916 | 30 | 1.0376429599333485 | 137
872-39741-violet-evergarden-gaiden-eien-to-jidou-shuki-ningyou. 13201 | 18.180440875691236 | 24 | 2.234679190970381 | 295
873-12031-kingdom. 13186 | 15.925982102229638 | 21 | 1.729106628242075 | 228
874-6773-shakugan-no-shana-iii. 13153 | 15.965939329430547 | 21 | 0.7374743404546491 | 97
875-322-paradise-kiss. 13136 | 20.554202192448233 | 27 | 0.7460414129110841 | 98
876-31988-hibike-euphonium-2. 13136 | 9.135200974421437 | 12 | 4.978684531059684 | 654
877-120-fruits-basket. 13040 | 13.036809815950921 | 17 | 0.8205521472392637 | 107
878-v13391-rakuen-tsuihou. 13016 | 17.670559311616472 | 23 | 1.2599877074370005 | 164
879-z14293-nerawareta-gakuen. 13000 | 23.07692307692308 | 30 | 0.8384615384615385 | 109
880-37989-golden-kamuy-2nd-season. 12915 | 13.162988772744871 | 17 | 1.5718157181571817 | 203
881-24-school-rumble. 12907 | 12.396374060587279 | 16 | 0.8832416518168437 | 114
882-32668-noblesse-awakening. 12880 | 17.857142857142858 | 23 | 0.8618012422360248 | 111
883-z36653-tsurune-kazemai-koukou-kyuudoubu. 12769 | 21.928107134466284 | 28 | 3.140418200328922 | 401
884-223-dragon-ball. 12759 | 11.756407241946862 | 15 | 2.0299396504428247 | 259
885-z31452-norn9-norn-nonet. 12680 | 22.870662460567825 | 29 | 2.0110410094637223 | 255
886-z16355-dansai-bunri-no-crime-edge. 12674 | 11.835253274420072 | 15 | 2.083004576297933 | 264
887-33091-planetarian-chiisana-hoshi-no-yume. 12657 | 15.801532748676623 | 20 | 2.5756498380342894 | 326
888-23279-gyakusatsu-kikan. 12634 | 18.20484407155295 | 23 | 1.9629570998891879 | 248
889-33605-ling-qi. 12627 | 15.047121248119112 | 19 | 1.2116892373485388 | 153
890-32526-love-live-sunshine. 12601 | 14.284580588842156 | 18 | 4.269502420442822 | 538
891-34501-kenka-banchou-otome-girl-beats-boys. 12503 | 14.396544829240982 | 18 | 1.2397024714068623 | 155
892-37823-conception. 12490 | 18.414731785428344 | 23 | 2.946357085668535 | 368
893-33985-bloodivores. 12468 | 12.832852101379531 | 16 | 1.4837985242220084 | 185
894-25429-isuca. 12397 | 15.326288618214084 | 19 | 1.5729612002903928 | 195
895-30806-schwarzesmarken. 12390 | 8.878127522195319 | 11 | 3.648103309120258 | 452
896-z37597-dakaretai-otoko-1-i-ni-odosarete-imasu. 12367 | 12.129053125252689 | 15 | 2.700735829222932 | 334
897-35842-flcl-alternative. 12357 | 12.138868657441126 | 15 | 1.885570931455855 | 233
898-20903-harmonie. 12268 | 16.302575806977504 | 20 | 1.181936746005869 | 145
899-33190-planetarian-hoshi-no-hito. 12258 | 17.947462881383586 | 22 | 1.0850057105563713 | 133
900-z23079-glasslip. 12235 | 27.789129546383325 | 34 | 3.2693093583980386 | 400
901-28619-ranpo-kitan-game-of-laplace. 12202 | 22.947057859367316 | 28 | 3.1060481888215046 | 379
902-31456-code-realize-sousei-no-himegimi. 12195 | 13.120131201312013 | 16 | 1.6236162361623614 | 198
903-z22135-ping-pong-the-animation. 12099 | 22.315893875526903 | 27 | 3.099429704934292 | 375
904-35821-chio-chan-no-tsuugakuro. 12049 | 18.258776661963648 | 22 | 0.9295377209726948 | 112
905-1589-bartender. 12019 | 16.64031949413429 | 20 | 0.7238538979948415 | 87
906-z440-shoujo-kakumei-utena. 11992 | 19.179452968645766 | 23 | 2.443295530353569 | 293
907-36828-caligula. 11983 | 15.855795710590002 | 19 | 1.134941166652758 | 136
908-7588-saraiya-goyou. 11956 | 16.72800267648043 | 20 | 0.9284041485446638 | 111
909-3167-eve-no-jikan. 11935 | 15.919564306661082 | 19 | 0.5865102639296188 | 70
910-33350-zhen-hun-jie. 11865 | 25.28445006321113 | 30 | 0.8765276021913191 | 104
911-38993-karakai-jouzu-no-takagi-san-2. 11822 | 12.688208424970394 | 15 | 1.700219928946033 | 201
912-34443-baki. 11806 | 13.55243096730476 | 16 | 2.0243943757411484 | 239
913-35249-uma-musume-pretty-derby-tv. 11794 | 16.109886382906563 | 19 | 1.6872986264202134 | 199
914-39988-isekai-quartet-2. 11791 | 3.3924179458909336 | 4 | 3.807989144262573 | 449
915-147-kimi-ga-nozomu-eien. 11710 | 29.88898377455166 | 35 | 1.6310845431255339 | 191
916-38935-miru-tights. 11709 | 16.226834059270647 | 19 | 2.7585617900760098 | 323
917-24893-sidonia-no-kishi-daikyuu-wakusei-seneki. 11678 | 17.12622024319233 | 20 | 3.9561568761774275 | 462
918-39468-honzuki-no-gekokujou-shisho-ni-naru-tame-ni-wa-shudan-wo-erandeiraremasen. 11664 | 17.146776406035663 | 20 | 2.4777091906721536 | 289
919-18893-aoki-hagane-no-arpeggio-ars-nova. 11635 | 13.751611516974645 | 16 | 2.294800171895144 | 267
920-101-air. 11634 | 12.89324394017535 | 15 | 0.6704486848891181 | 78
921-21507-soul-eater-not. 11538 | 13.867221355520888 | 16 | 2.0107470965505287 | 232
922-38787-senryuu-shoujo. 11459 | 13.090147482328302 | 15 | 0.9773976786805132 | 112
923-28391-ao-no-kanata-no-four-rhythm. 11400 | 13.157894736842104 | 15 | 4.807017543859649 | 548
924-37393-watashi-nouryoku-wa-heikinchi-de-tte-itta-yo-ne. 11296 | 15.049575070821529 | 17 | 3.063031161473088 | 346
925-34547-shoukoku-no-altair. 11290 | 14.1718334809566 | 16 | 1.1426040744021257 | 129
926-37007-hinomaruzumou. 11136 | 17.061781609195403 | 19 | 1.2122844827586208 | 135
927-33019-reikenzan-eichi-e-no-shikaku. 11128 | 20.668583752695902 | 23 | 1.7613227893601726 | 196
928-33241-honobono-log. 11116 | 15.293270960777258 | 17 | 0.7106872975890608 | 79
929-12431-uchuu-kyoudai. 11102 | 18.014772113132768 | 20 | 1.4411817690506215 | 160
930-6774-kuuchuu-buranko. 11085 | 14.433919711321606 | 16 | 0.5322507893549843 | 59
931-z16397-photokano. 11069 | 17.16505556057458 | 19 | 1.9242930707380974 | 213
932-174-tenjou-tenge. 11069 | 14.45478362995754 | 16 | 0.6685337428855362 | 74
933-36039-a-i-c-o-incarnation. 11050 | 24.43438914027149 | 27 | 1.7647058823529411 | 195
934-5678-kobato. 10974 | 13.66867140513942 | 15 | 0.7563331510843813 | 83
935-x369-boogiepop-wa-warawanai. 10843 | 18.445079774970026 | 20 | 1.5309416213225122 | 166
936-y30901-utawarerumono-itsuwari-no-kamen. 10757 | 18.592544389699732 | 20 | 4.043878404759691 | 435
937-z326-petshop-of-horrors. 10676 | 17.796927688272763 | 19 | 0.5245410266017235 | 56
938-32071-gantz-o. 10646 | 14.089798985534472 | 15 | 2.1040766485064815 | 224
939-34537-yoru-wa-mijikashi-arukeyo-otome. 10595 | 19.820670127418595 | 21 | 1.9443133553563001 | 206
940-4177-bounen-no-xamdou. 10456 | 23.909716908951797 | 25 | 3.165646518745218 | 331
941-11135-hybrid-child. 10451 | 14.35269352215099 | 15 | 1.4161324275188978 | 148
942-39456-sounan-desu-ka. 10431 | 14.380212827149842 | 15 | 2.2145527753810756 | 231
943-y2026-hayate-no-gotoku. 10407 | 9.608917075045643 | 10 | 4.1894878447199 | 436
944-11021-muv-luv-alternative-total-eclipse. 10370 | 19.286403085824496 | 20 | 1.6200578592092574 | 168
945-9000-toaru-hikuushi-e-no-tsuioku. 10358 | 26.06680826414366 | 27 | 0.7820042479243098 | 81
946-587-hanbun-no-tsuki-ga-noboru-sora. 10339 | 21.278653641551404 | 22 | 1.1993422961601703 | 124
947-40004-bokutachi-wa-benkyou-ga-dekinai. 10218 | 14.67997651203758 | 15 | 3.1121550205519672 | 318
948-z14921-rdg-red-data-girl. 10180 | 17.68172888015717 | 18 | 0.9823182711198428 | 100
949-38328-azur-lane. 10176 | 17.68867924528302 | 18 | 9.709119496855347 | 988
950-1690-bokura-no. 10161 | 18.698946954039958 | 19 | 1.7616376340911326 | 179
951-28013-macross. 10081 | 11.903580993949012 | 12 | 4.096815792084119 | 413
952-z19117-toaru-hikuushi-e-no-koiuta. 10072 | 22.835583796664018 | 23 | 2.4225575853852264 | 244
953-22547-blade-soul. 10017 | 15.972846161525407 | 16 | 3.314365578516522 | 332
954-392-yuu-yuu-hakusho. 9961 | 9.035237425961249 | 9 | 5.2404377070575245 | 522
955-11739-kimi-to-boku-2. 9936 | 15.096618357487923 | 15 | 0.3723832528180354 | 37
956-19383-yami-shibai. 9933 | 21.141649048625794 | 21 | 0.684586731098359 | 68
957-23327-space-dandy-2nd-season. 9910 | 15.136226034308779 | 15 | 1.6851664984863772 | 167
958-35220-youkai-apartment-no-yuuga-na-nichijou. 9871 | 17.22216594063418 | 17 | 0.8003241819471177 | 79
959-18001-freezing-vibration. 9866 | 15.203729981755526 | 15 | 1.5102371781877153 | 149
960-z235-detective-conan. 9863 | 15.208354456047855 | 15 | 6.164453006184731 | 608
961-z31251-mobile-suit-gundam-iron-blooded-orphans. 9854 | 6.088897909478384 | 6 | 6.515120763141871 | 642
962-z34525-centaur-no-nayami. 9788 | 15.324887617490806 | 15 | 2.5643645279934613 | 251
963-2403-kodomo-no-jikan-tv. 9737 | 15.405155592071479 | 15 | 1.4070042107425285 | 137
964-885-tenshi-no-tamago. 9667 | 21.72338884866039 | 21 | 1.4275369814833971 | 138
965-z10397-mashiro-iro-symphony-the-color-of-lovers. 9655 | 18.643190056965302 | 18 | 1.6157431382703262 | 156
966-18119-servant-x-service. 9645 | 15.552099533437014 | 15 | 0.9745982374287195 | 94
967-37407-penguin-highway. 9550 | 23.036649214659686 | 22 | 1.4031413612565447 | 134
968-y14515-sasami-san-ganbaranai. 9478 | 20.04642329605402 | 19 | 3.4395442076387424 | 326
969-17269-captain-herlock. 9435 | 16.95813460519343 | 16 | 1.6852146263910972 | 159
970-710-rec. 9426 | 21.217907914279653 | 20 | 1.23063865902822 | 116
971-35248-18if. 9309 | 21.48458481039854 | 20 | 1.310559673434311 | 122
972-14669-aura-maryuuin-kouga-saigo-no-tatakai. 9256 | 29.17026793431288 | 27 | 1.9662921348314606 | 182
973-35222-gakuen-babysitters. 9243 | 16.22849724115547 | 15 | 0.7897868657362328 | 73
974-w15439-kono-danshi-ningyo-hiroimashita. 9236 | 17.323516673884797 | 16 | 0.6929406669553919 | 64
975-357-bokusatsu-tenshi-dokuro-chan. 9168 | 16.361256544502616 | 15 | 0.8835078534031414 | 81
976-5835-hanasakeru-seishounen. 9157 | 27.30151796439882 | 25 | 1.0811401113901933 | 99
977-37259-hanebado. 9139 | 22.97844403107561 | 21 | 3.2279242805558592 | 295
978-34368-vatican-kiseki-chousakan. 9084 | 17.613386173491854 | 16 | 1.453104359313078 | 132
979-36538-natsume-yuujinchou-movie-utsusemi-ni-musubu. 9070 | 20.948180815876515 | 19 | 1.5986769570011026 | 145
980-243-gravitation. 9067 | 23.160913201720525 | 21 | 0.6176243520458807 | 56
981-21439-uta-no-prince-sama-maji-love-revolutions. 9057 | 34.2276692061389 | 31 | 3.2240256155459863 | 292
982-12029-uchuu-senkan-yamato-2199. 9050 | 18.784530386740332 | 17 | 3.8895027624309395 | 352
983-9314-fractale. 9012 | 17.75410563692854 | 16 | 0.6990679094540613 | 63
984-34350-alice-to-zouroku. 8699 | 20.692033567076678 | 18 | 1.8967697436486952 | 165
985-30279-yuru-yuri-san-hai. 8671 | 5.766347595433052 | 5 | 7.922961596125014 | 687
986-35834-angolmois-genkou-kassenki. 8639 | 25.465910406297027 | 22 | 1.9909711772195855 | 172
987-38464-ashita-sekai-ga-owaru-toshitemo. 8623 | 17.39533804940276 | 15 | 1.0205264988982954 | 88
988-32175-shounen-maid. 8606 | 17.4297002091564 | 15 | 1.545433418545201 | 133
989-38256-magia-record-mahou-shoujo-madoka-magica-gaiden-tv. 8594 | 6.981615080288574 | 6 | 9.92552943914359 | 853
990-38917-tong-ling-fei. 8586 | 24.45842068483578 | 21 | 2.131376659678547 | 183
991-2926-myself-yourself. 8541 | 31.612223393045312 | 27 | 1.8850251726964058 | 161
992-6408-bungaku-shoujo-movie. 8513 | 29.36685069893105 | 25 | 1.691530600258428 | 144
993-39806-mugen-no-juunin-immortal. 8399 | 4.762471722824146 | 4 | 6.7984283843314675 | 571
994-4983-hells. 8375 | 25.07462686567164 | 21 | 1.8865671641791044 | 158
995-z28817-mikagura-gakuen-kumikyoku-tv. 8235 | 10.92896174863388 | 9 | 5.853066180935033 | 482
996-38735-7-seeds. 8156 | 18.391368317802844 | 15 | 3.604708190289357 | 294
997-31430-terra-formars-revenge. 8144 | 18.418467583497055 | 15 | 2.2838899803536346 | 186
998-10417-gyo. 8007 | 24.978144123891592 | 20 | 1.8858498813538156 | 151
999-30895-haruchika-haruta-to-chika-wa-seishun-suru. 8005 | 4.996876951905059 | 4 | 6.695815115552779 | 536
1000-31178-uta-no-prince-sama-maji-love-legend-star. 7844 | 22.947475777664454 | 18 | 2.371239163691994 | 186
1001-z14751-bishoujo-senshi-sailor-moon-crystal. 7798 | 37.189022826365736 | 29 | 13.77276224672993 | 1074
1002-8426-hourou-musuko. 7752 | 6.449948400412797 | 5 | 6.114551083591331 | 474
1003-35044-tu-bian-ying-xiong-leaf. 7737 | 24.557321959415795 | 19 | 0.6850200336047564 | 53
1004-z19365-samurai-flamenco. 7665 | 22.17873450750163 | 17 | 5.12720156555773 | 393
1005-160-ima-soko-ni-iru-boku. 7498 | 25.340090690850896 | 19 | 1.4803947719391837 | 111
1006-x13585-natsuyuki-rendezvous. 7463 | 28.138818169636874 | 21 | 0.9111617312072893 | 68
1007-27727-binan-koukou-chikyuu-boueibu-love. 7299 | 24.66091245376079 | 18 | 3.2333196328264147 | 236
1008-35434-konbini-kareshi. 7256 | 24.807056229327454 | 18 | 1.4470782800441013 | 105
1009-31733-bishoujo-senshi-sailor-moon-crystal-season-iii. 7232 | 22.123893805309734 | 16 | 2.7101769911504423 | 196
1010-31433-ginga-eiyuu-densetsu-die-neue-these-kaikou. 7131 | 21.03491796381994 | 15 | 7.754873089328285 | 553
1011-37207-zuori-qing-kong. 7017 | 34.20265070542967 | 24 | 2.1234145646287588 | 149
1012-35835-rerided-tokigoe-no-derrida. 6967 | 25.836084397875698 | 18 | 1.6649921056408785 | 116
1013-y2927-kimikiss-pure-rouge. 6906 | 23.168259484506226 | 16 | 0.8688097306689836 | 60
1014-y4744-akaneiro-ni-somaru-saka. 6839 | 23.395233221231173 | 16 | 1.754642491592338 | 120
1015-26165-yuri-kuma-arashi. 6590 | 31.866464339908955 | 21 | 6.009104704097116 | 396
1016-z20053-wizard-barristers-benmashi-cecil. 6446 | 23.270245113248528 | 15 | 2.5597269624573378 | 165
1017-3089-the-sky-crawlers. 6412 | 24.95321272613849 | 16 | 2.2301933873986277 | 143
1018-z3299-h2o-footprints-in-the-sand. 6257 | 23.973150071919452 | 15 | 1.1347291034041873 | 71
1019-z2158-toward-the-terra. 6082 | 27.95133179875041 | 17 | 1.512660309108846 | 92
1020-37981-kaijuu-no-kodomo. 5747 | 31.320689055159214 | 18 | 2.5752566556464243 | 148
1021-949-top-wo-nerae-gunbuster. 5609 | 37.4398288464967 | 21 | 3.2269566767694777 | 181
1022-13171-wasurenagumo. 5584 | 30.444126074498566 | 17 | 2.041547277936963 | 114
1023-37302-kemurikusa-tv. 5443 | 27.5583318023149 | 15 | 2.553738747014514 | 139
1024-634-koi-kaze. 5312 | 32.00301204819277 | 17 | 1.7507530120481927 | 93
1025-1002-top-wo-nerae-2-diebuster. 5195 | 34.64870067372473 | 18 | 3.2531280076997113 | 169
1026-z93-mobile-suit-gundam-seed. 4587 | 32.701111837802486 | 15 | 6.017004578155658 | 276
1027-23605-ninja-slayer-from-animation. 4125 | 14.545454545454545 | 6 | 15.515151515151516 | 640
1028-106-hana-yori-dango. 4107 | 41.392744095446794 | 17 | 1.6800584368151936 | 69
